10	0.764592
11	0.734786
12	0.707888
13	0.683528
14	0.661376
15	0.641145
16	0.622591
17	0.605506
18	0.589714
19	0.575067
20	0.561435
21	0.548711
22	0.5368
23	0.52562
24	0.515101
25	0.505182
26	0.495808
27	0.486932
28	0.478511
29	0.470509
30	0.462892
31	0.455631
32	0.448699
33	0.442072
34	0.435728
35	0.429648
36	0.423814
37	0.418211
38	0.412823
39	0.407637
40	0.402641
41	0.397824
42	0.393174
43	0.388684
44	0.384343
45	0.380144
46	0.37608
47	0.372142
48	0.368326
49	0.364624
50	0.361031
51	0.357543
52	0.354153
53	0.350857
54	0.347652
55	0.344533
56	0.341496
57	0.338538
58	0.335655
59	0.332845
60	0.330104
61	0.327429
62	0.324818
63	0.322269
64	0.319779
65	0.317345
66	0.314966
67	0.31264
68	0.310364
69	0.308138
70	0.305958
71	0.303824
72	0.301734
73	0.299687
74	0.297681
75	0.295714
76	0.293786
77	0.291895
78	0.29004
79	0.28822
80	0.286433
81	0.28468
82	0.282958
83	0.281267
84	0.279606
85	0.277974
86	0.276371
87	0.274794
88	0.273245
89	0.271721
90	0.270222
91	0.268748
92	0.267298
93	0.265871
94	0.264467
95	0.263084
96	0.261723
97	0.260383
98	0.259064
99	0.257764
100	0.256483
101	0.255222
102	0.253979
103	0.252754
104	0.251546
105	0.250355
106	0.249182
107	0.248024
108	0.246883
109	0.245757
110	0.244646
111	0.243551
112	0.24247
113	0.241403
114	0.24035
115	0.239311
116	0.238285
117	0.237272
118	0.236272
119	0.235285
120	0.23431
121	0.233346
122	0.232395
123	0.231455
124	0.230527
125	0.229609
126	0.228703
127	0.227807
128	0.226921
129	0.226046
130	0.225181
131	0.224325
132	0.22348
133	0.222644
134	0.221817
135	0.220999
136	0.22019
137	0.21939
138	0.218599
139	0.217816
140	0.217042
141	0.216275
142	0.215517
143	0.214767
144	0.214025
145	0.21329
146	0.212562
147	0.211842
148	0.21113
149	0.210424
150	0.209726
151	0.209034
152	0.208349
153	0.207671
154	0.207
155	0.206334
156	0.205676
157	0.205023
158	0.204377
159	0.203737
160	0.203103
161	0.202474
162	0.201852
163	0.201235
164	0.200624
165	0.200018
166	0.199418
167	0.198823
168	0.198233
169	0.197649
170	0.19707
171	0.196496
172	0.195926
173	0.195362
174	0.194803
175	0.194248
176	0.193698
177	0.193153
178	0.192612
179	0.192076
180	0.191544
181	0.191017
182	0.190494
183	0.189975
184	0.189461
185	0.18895
186	0.188444
187	0.187942
188	0.187444
189	0.186949
190	0.186459
191	0.185972
192	0.18549
193	0.185011
194	0.184535
195	0.184064
196	0.183596
197	0.183131
198	0.18267
199	0.182212
200	0.181758
201	0.181307
202	0.18086
203	0.180416
204	0.179975
205	0.179537
206	0.179103
207	0.178671
208	0.178243
209	0.177818
210	0.177396
211	0.176977
212	0.176561
213	0.176147
214	0.175737
215	0.175329
216	0.174925
217	0.174523
218	0.174123
219	0.173727
220	0.173333
221	0.172942
222	0.172554
223	0.172168
224	0.171785
225	0.171404
226	0.171026
227	0.17065
228	0.170277
229	0.169906
230	0.169538
231	0.169172
232	0.168808
233	0.168447
234	0.168088
235	0.167731
236	0.167376
237	0.167024
238	0.166674
239	0.166326
240	0.165981
241	0.165637
242	0.165296
243	0.164957
244	0.164619
245	0.164284
246	0.163951
247	0.16362
248	0.163291
249	0.162964
250	0.162639
251	0.162316
252	0.161994
253	0.161675
254	0.161357
255	0.161042
256	0.160728
257	0.160416
258	0.160106
259	0.159797
260	0.159491
261	0.159186
262	0.158883
263	0.158581
264	0.158282
265	0.157984
266	0.157688
267	0.157393
268	0.1571
269	0.156809
270	0.156519
271	0.156231
272	0.155944
273	0.155659
274	0.155376
275	0.155094
276	0.154813
277	0.154535
278	0.154257
279	0.153981
280	0.153707
281	0.153434
282	0.153163
283	0.152893
284	0.152624
285	0.152357
286	0.152091
287	0.151827
288	0.151564
289	0.151302
290	0.151041
291	0.150783
292	0.150525
293	0.150268
294	0.150013
295	0.14976
296	0.149507
297	0.149256
298	0.149006
299	0.148757
300	0.14851
301	0.148264
302	0.148019
303	0.147775
304	0.147532
305	0.147291
306	0.147051
307	0.146812
308	0.146574
309	0.146337
310	0.146102
311	0.145867
312	0.145634
313	0.145402
314	0.145171
315	0.144941
316	0.144712
317	0.144484
318	0.144257
319	0.144031
320	0.143807
321	0.143583
322	0.143361
323	0.143139
324	0.142919
325	0.142699
326	0.142481
327	0.142263
328	0.142047
329	0.141831
330	0.141617
331	0.141403
332	0.141191
333	0.140979
334	0.140768
335	0.140559
336	0.14035
337	0.140142
338	0.139935
339	0.139729
340	0.139524
341	0.13932
342	0.139116
343	0.138914
344	0.138712
345	0.138512
346	0.138312
347	0.138113
348	0.137915
349	0.137717
350	0.137521
351	0.137325
352	0.137131
353	0.136937
354	0.136744
355	0.136551
356	0.13636
357	0.136169
358	0.135979
359	0.13579
360	0.135602
361	0.135415
362	0.135228
363	0.135042
364	0.134857
365	0.134672
366	0.134489
367	0.134306
368	0.134123
369	0.133942
370	0.133761
371	0.133581
372	0.133402
373	0.133224
374	0.133046
375	0.132869
376	0.132692
377	0.132516
378	0.132341
379	0.132167
380	0.131993
381	0.131821
382	0.131648
383	0.131477
384	0.131306
385	0.131135
386	0.130966
387	0.130797
388	0.130629
389	0.130461
390	0.130294
391	0.130128
392	0.129962
393	0.129797
394	0.129632
395	0.129468
396	0.129305
397	0.129143
398	0.128981
399	0.128819
400	0.128658
401	0.128498
402	0.128339
403	0.12818
404	0.128021
405	0.127863
406	0.127706
407	0.12755
408	0.127393
409	0.127238
410	0.127083
411	0.126929
412	0.126775
413	0.126622
414	0.126469
415	0.126317
416	0.126165
417	0.126014
418	0.125863
419	0.125713
420	0.125564
421	0.125415
422	0.125267
423	0.125119
424	0.124971
425	0.124825
426	0.124678
427	0.124533
428	0.124387
429	0.124243
430	0.124098
431	0.123954
432	0.123811
433	0.123668
434	0.123526
435	0.123384
436	0.123243
437	0.123102
438	0.122962
439	0.122822
440	0.122683
441	0.122544
442	0.122405
443	0.122267
444	0.12213
445	0.121993
446	0.121856
447	0.12172
448	0.121584
449	0.121449
450	0.121314
451	0.12118
452	0.121046
453	0.120913
454	0.12078
455	0.120647
456	0.120515
457	0.120383
458	0.120252
459	0.120121
460	0.119991
461	0.119861
462	0.119731
463	0.119602
464	0.119474
465	0.119345
466	0.119217
467	0.11909
468	0.118963
469	0.118836
470	0.11871
471	0.118584
472	0.118459
473	0.118333
474	0.118209
475	0.118085
476	0.117961
477	0.117837
478	0.117714
479	0.117591
480	0.117469
481	0.117347
482	0.117225
483	0.117104
484	0.116983
485	0.116863
486	0.116743
487	0.116623
488	0.116504
489	0.116385
490	0.116266
491	0.116148
492	0.11603
493	0.115912
494	0.115795
495	0.115678
496	0.115562
497	0.115446
498	0.11533
499	0.115215
500	0.1151
501	0.114985
502	0.11487
503	0.114756
504	0.114643
505	0.114529
506	0.114416
507	0.114304
508	0.114191
509	0.114079
510	0.113967
511	0.113856
512	0.113745
513	0.113634
514	0.113524
515	0.113414
516	0.113304
517	0.113195
518	0.113085
519	0.112977
520	0.112868
521	0.11276
522	0.112652
523	0.112544
524	0.112437
525	0.11233
526	0.112223
527	0.112117
528	0.112011
529	0.111905
530	0.1118
531	0.111695
532	0.11159
533	0.111485
534	0.111381
535	0.111277
536	0.111173
537	0.11107
538	0.110967
539	0.110864
540	0.110761
541	0.110659
542	0.110557
543	0.110456
544	0.110354
545	0.110253
546	0.110152
547	0.110052
548	0.109951
549	0.109851
550	0.109751
551	0.109652
552	0.109553
553	0.109454
554	0.109355
555	0.109257
556	0.109159
557	0.109061
558	0.108963
559	0.108866
560	0.108769
561	0.108672
562	0.108575
563	0.108479
564	0.108383
565	0.108287
566	0.108191
567	0.108096
568	0.108001
569	0.107906
570	0.107812
571	0.107717
572	0.107623
573	0.107529
574	0.107436
575	0.107343
576	0.107249
577	0.107157
578	0.107064
579	0.106972
580	0.10688
581	0.106788
582	0.106696
583	0.106605
584	0.106513
585	0.106422
586	0.106332
587	0.106241
588	0.106151
589	0.106061
590	0.105971
591	0.105882
592	0.105792
593	0.105703
594	0.105614
595	0.105526
596	0.105437
597	0.105349
598	0.105261
599	0.105173
600	0.105086
601	0.104998
602	0.104911
603	0.104824
604	0.104738
605	0.104651
606	0.104565
607	0.104479
608	0.104393
609	0.104307
610	0.104222
611	0.104137
612	0.104052
613	0.103967
614	0.103882
615	0.103798
616	0.103714
617	0.10363
618	0.103546
619	0.103462
620	0.103379
621	0.103296
622	0.103213
623	0.10313
624	0.103048
625	0.102965
626	0.102883
627	0.102801
628	0.102719
629	0.102638
630	0.102556
631	0.102475
632	0.102394
633	0.102313
634	0.102233
635	0.102152
636	0.102072
637	0.101992
638	0.101912
639	0.101833
640	0.101753
641	0.101674
642	0.101595
643	0.101516
644	0.101437
645	0.101358
646	0.10128
647	0.101202
648	0.101124
649	0.101046
650	0.100968
651	0.100891
652	0.100814
653	0.100736
654	0.10066
655	0.100583
656	0.100506
657	0.10043
658	0.100353
659	0.100277
660	0.100202
661	0.100126
662	0.10005
663	0.0999748
664	0.0998996
665	0.0998246
666	0.0997497
667	0.099675
668	0.0996004
669	0.0995261
670	0.0994519
671	0.0993778
672	0.0993039
673	0.0992302
674	0.0991567
675	0.0990833
676	0.0990101
677	0.098937
678	0.0988641
679	0.0987914
680	0.0987188
681	0.0986464
682	0.0985741
683	0.098502
684	0.0984301
685	0.0983583
686	0.0982867
687	0.0982152
688	0.0981439
689	0.0980727
690	0.0980017
691	0.0979308
692	0.0978601
693	0.0977896
694	0.0977192
695	0.097649
696	0.0975789
697	0.0975089
698	0.0974391
699	0.0973695
700	0.0973
701	0.0972307
702	0.0971615
703	0.0970924
704	0.0970235
705	0.0969548
706	0.0968861
707	0.0968177
708	0.0967494
709	0.0966812
710	0.0966132
711	0.0965453
712	0.0964775
713	0.0964099
714	0.0963425
715	0.0962752
716	0.096208
717	0.0961409
718	0.096074
719	0.0960073
720	0.0959407
721	0.0958742
722	0.0958078
723	0.0957416
724	0.0956756
725	0.0956096
726	0.0955438
727	0.0954782
728	0.0954127
729	0.0953473
730	0.095282
731	0.0952169
732	0.0951519
733	0.0950871
734	0.0950223
735	0.0949577
736	0.0948933
737	0.094829
738	0.0947648
739	0.0947007
740	0.0946368
741	0.094573
742	0.0945093
743	0.0944457
744	0.0943823
745	0.094319
746	0.0942558
747	0.0941928
748	0.0941299
749	0.0940671
750	0.0940044
751	0.0939419
752	0.0938795
753	0.0938172
754	0.093755
755	0.093693
756	0.0936311
757	0.0935693
758	0.0935076
759	0.093446
760	0.0933846
761	0.0933233
762	0.0932621
763	0.093201
764	0.0931401
765	0.0930793
766	0.0930186
767	0.092958
768	0.0928975
769	0.0928371
770	0.0927769
771	0.0927168
772	0.0926568
773	0.0925969
774	0.0925371
775	0.0924774
776	0.0924179
777	0.0923585
778	0.0922992
779	0.09224
780	0.0921809
781	0.0921219
782	0.0920631
783	0.0920043
784	0.0919457
785	0.0918872
786	0.0918287
787	0.0917704
788	0.0917123
789	0.0916542
790	0.0915962
791	0.0915384
792	0.0914806
793	0.091423
794	0.0913654
795	0.091308
796	0.0912507
797	0.0911935
798	0.0911364
799	0.0910794
800	0.0910225
801	0.0909658
802	0.0909091
803	0.0908525
804	0.0907961
805	0.0907397
806	0.0906835
807	0.0906273
808	0.0905713
809	0.0905153
810	0.0904595
811	0.0904038
812	0.0903481
813	0.0902926
814	0.0902372
815	0.0901819
816	0.0901267
817	0.0900715
818	0.0900165
819	0.0899616
820	0.0899068
821	0.0898521
822	0.0897975
823	0.0897429
824	0.0896885
825	0.0896342
826	0.08958
827	0.0895259
828	0.0894718
829	0.0894179
830	0.0893641
831	0.0893103
832	0.0892567
833	0.0892032
834	0.0891497
835	0.0890964
836	0.0890431
837	0.08899
838	0.0889369
839	0.088884
840	0.0888311
841	0.0887783
842	0.0887256
843	0.088673
844	0.0886205
845	0.0885681
846	0.0885158
847	0.0884636
848	0.0884115
849	0.0883595
850	0.0883075
851	0.0882557
852	0.0882039
853	0.0881522
854	0.0881007
855	0.0880492
856	0.0879978
857	0.0879465
858	0.0878953
859	0.0878441
860	0.0877931
861	0.0877421
862	0.0876913
863	0.0876405
864	0.0875898
865	0.0875392
866	0.0874887
867	0.0874383
868	0.087388
869	0.0873377
870	0.0872876
871	0.0872375
872	0.0871875
873	0.0871376
874	0.0870878
875	0.087038
876	0.0869884
877	0.0869388
878	0.0868894
879	0.08684
880	0.0867907
881	0.0867414
882	0.0866923
883	0.0866432
884	0.0865943
885	0.0865454
886	0.0864966
887	0.0864478
888	0.0863992
889	0.0863506
890	0.0863021
891	0.0862537
892	0.0862054
893	0.0861572
894	0.086109
895	0.086061
896	0.086013
897	0.0859651
898	0.0859172
899	0.0858695
900	0.0858218
901	0.0857742
902	0.0857267
903	0.0856792
904	0.0856319
905	0.0855846
906	0.0855374
907	0.0854903
908	0.0854432
909	0.0853963
910	0.0853494
911	0.0853026
912	0.0852558
913	0.0852092
914	0.0851626
915	0.0851161
916	0.0850696
917	0.0850233
918	0.084977
919	0.0849308
920	0.0848847
921	0.0848386
922	0.0847926
923	0.0847467
924	0.0847009
925	0.0846551
926	0.0846095
927	0.0845639
928	0.0845183
929	0.0844729
930	0.0844275
931	0.0843822
932	0.0843369
933	0.0842917
934	0.0842467
935	0.0842016
936	0.0841567
937	0.0841118
938	0.084067
939	0.0840223
940	0.0839776
941	0.083933
942	0.0838885
943	0.083844
944	0.0837996
945	0.0837553
946	0.0837111
947	0.0836669
948	0.0836228
949	0.0835788
950	0.0835348
951	0.0834909
952	0.0834471
953	0.0834033
954	0.0833597
955	0.083316
956	0.0832725
957	0.083229
958	0.0831856
959	0.0831423
960	0.083099
961	0.0830558
962	0.0830126
963	0.0829695
964	0.0829265
965	0.0828836
966	0.0828407
967	0.0827979
968	0.0827552
969	0.0827125
970	0.0826699
971	0.0826273
972	0.0825849
973	0.0825425
974	0.0825001
975	0.0824578
976	0.0824156
977	0.0823735
978	0.0823314
979	0.0822893
980	0.0822474
981	0.0822055
982	0.0821637
983	0.0821219
984	0.0820802
985	0.0820385
986	0.081997
987	0.0819554
988	0.081914
989	0.0818726
990	0.0818313
991	0.08179
992	0.0817488
993	0.0817077
994	0.0816666
995	0.0816256
996	0.0815846
997	0.0815437
998	0.0815029
999	0.0814621
1000	0.0814214
1001	0.0813808
1002	0.0813402
1003	0.0812997
1004	0.0812592
1005	0.0812188
1006	0.0811785
1007	0.0811382
1008	0.081098
1009	0.0810578
1010	0.0810177
1011	0.0809776
1012	0.0809377
1013	0.0808977
1014	0.0808579
1015	0.0808181
1016	0.0807783
1017	0.0807386
1018	0.080699
1019	0.0806594
1020	0.0806199
1021	0.0805804
1022	0.080541
1023	0.0805017
1024	0.0804624
1025	0.0804232
1026	0.080384
1027	0.0803449
1028	0.0803058
1029	0.0802668
1030	0.0802279
1031	0.080189
1032	0.0801502
1033	0.0801114
1034	0.0800727
1035	0.080034
1036	0.0799954
1037	0.0799569
1038	0.0799184
1039	0.0798799
1040	0.0798416
1041	0.0798032
1042	0.079765
1043	0.0797267
1044	0.0796886
1045	0.0796505
1046	0.0796124
1047	0.0795744
1048	0.0795365
1049	0.0794986
1050	0.0794607
1051	0.079423
1052	0.0793852
1053	0.0793476
1054	0.0793099
1055	0.0792724
1056	0.0792349
1057	0.0791974
1058	0.07916
1059	0.0791226
1060	0.0790853
1061	0.0790481
1062	0.0790109
1063	0.0789737
1064	0.0789367
1065	0.0788996
1066	0.0788626
1067	0.0788257
1068	0.0787888
1069	0.078752
1070	0.0787152
1071	0.0786785
1072	0.0786418
1073	0.0786052
1074	0.0785686
1075	0.0785321
1076	0.0784956
1077	0.0784592
1078	0.0784228
1079	0.0783865
1080	0.0783502
1081	0.078314
1082	0.0782778
1083	0.0782417
1084	0.0782056
1085	0.0781696
1086	0.0781336
1087	0.0780977
1088	0.0780618
1089	0.078026
1090	0.0779902
1091	0.0779545
1092	0.0779188
1093	0.0778832
1094	0.0778476
1095	0.0778121
1096	0.0777766
1097	0.0777412
1098	0.0777058
1099	0.0776705
1100	0.0776352
1101	0.0776
1102	0.0775648
1103	0.0775296
1104	0.0774945
1105	0.0774595
1106	0.0774245
1107	0.0773895
1108	0.0773546
1109	0.0773198
1110	0.077285
1111	0.0772502
1112	0.0772155
1113	0.0771808
1114	0.0771462
1115	0.0771116
1116	0.0770771
1117	0.0770426
1118	0.0770082
1119	0.0769738
1120	0.0769394
1121	0.0769051
1122	0.0768709
1123	0.0768367
1124	0.0768025
1125	0.0767684
1126	0.0767343
1127	0.0767003
1128	0.0766663
1129	0.0766324
1130	0.0765985
1131	0.0765646
1132	0.0765308
1133	0.0764971
1134	0.0764634
1135	0.0764297
1136	0.0763961
1137	0.0763625
1138	0.076329
1139	0.0762955
1140	0.076262
1141	0.0762286
1142	0.0761953
1143	0.0761619
1144	0.0761287
1145	0.0760954
1146	0.0760623
1147	0.0760291
1148	0.075996
1149	0.075963
1150	0.07593
1151	0.075897
1152	0.0758641
1153	0.0758312
1154	0.0757983
1155	0.0757656
1156	0.0757328
1157	0.0757001
1158	0.0756674
1159	0.0756348
1160	0.0756022
1161	0.0755697
1162	0.0755372
1163	0.0755047
1164	0.0754723
1165	0.0754399
1166	0.0754076
1167	0.0753753
1168	0.075343
1169	0.0753108
1170	0.0752787
1171	0.0752465
1172	0.0752144
1173	0.0751824
1174	0.0751504
1175	0.0751184
1176	0.0750865
1177	0.0750546
1178	0.0750228
1179	0.074991
1180	0.0749592
1181	0.0749275
1182	0.0748958
1183	0.0748642
1184	0.0748326
1185	0.074801
1186	0.0747695
1187	0.074738
1188	0.0747066
1189	0.0746752
1190	0.0746438
1191	0.0746125
1192	0.0745812
1193	0.07455
1194	0.0745188
1195	0.0744876
1196	0.0744565
1197	0.0744254
1198	0.0743943
1199	0.0743633
1200	0.0743324
1201	0.0743014
1202	0.0742705
1203	0.0742397
1204	0.0742089
1205	0.0741781
1206	0.0741474
1207	0.0741167
1208	0.074086
1209	0.0740554
1210	0.0740248
1211	0.0739942
1212	0.0739637
1213	0.0739332
1214	0.0739028
1215	0.0738724
1216	0.0738421
1217	0.0738117
1218	0.0737814
1219	0.0737512
1220	0.073721
1221	0.0736908
1222	0.0736607
1223	0.0736306
1224	0.0736005
1225	0.0735705
1226	0.0735405
1227	0.0735105
1228	0.0734806
1229	0.0734507
1230	0.0734209
1231	0.0733911
1232	0.0733613
1233	0.0733316
1234	0.0733019
1235	0.0732722
1236	0.0732426
1237	0.073213
1238	0.0731834
1239	0.0731539
1240	0.0731244
1241	0.073095
1242	0.0730656
1243	0.0730362
1244	0.0730069
1245	0.0729776
1246	0.0729483
1247	0.072919
1248	0.0728898
1249	0.0728607
1250	0.0728315
1251	0.0728025
1252	0.0727734
1253	0.0727444
1254	0.0727154
1255	0.0726864
1256	0.0726575
1257	0.0726286
1258	0.0725998
1259	0.0725709
1260	0.0725421
1261	0.0725134
1262	0.0724847
1263	0.072456
1264	0.0724274
1265	0.0723987
1266	0.0723702
1267	0.0723416
1268	0.0723131
1269	0.0722846
1270	0.0722562
1271	0.0722278
1272	0.0721994
1273	0.072171
1274	0.0721427
1275	0.0721144
1276	0.0720862
1277	0.072058
1278	0.0720298
1279	0.0720017
1280	0.0719735
1281	0.0719455
1282	0.0719174
1283	0.0718894
1284	0.0718614
1285	0.0718335
1286	0.0718056
1287	0.0717777
1288	0.0717498
1289	0.071722
1290	0.0716942
1291	0.0716665
1292	0.0716387
1293	0.0716111
1294	0.0715834
1295	0.0715558
1296	0.0715282
1297	0.0715006
1298	0.0714731
1299	0.0714456
1300	0.0714181
1301	0.0713907
1302	0.0713633
1303	0.0713359
1304	0.0713086
1305	0.0712813
1306	0.071254
1307	0.0712267
1308	0.0711995
1309	0.0711723
1310	0.0711452
1311	0.0711181
1312	0.071091
1313	0.0710639
1314	0.0710369
1315	0.0710099
1316	0.0709829
1317	0.070956
1318	0.0709291
1319	0.0709022
1320	0.0708753
1321	0.0708485
1322	0.0708217
1323	0.070795
1324	0.0707683
1325	0.0707416
1326	0.0707149
1327	0.0706883
1328	0.0706617
1329	0.0706351
1330	0.0706086
1331	0.070582
1332	0.0705556
1333	0.0705291
1334	0.0705027
1335	0.0704763
1336	0.0704499
1337	0.0704236
1338	0.0703973
1339	0.070371
1340	0.0703448
1341	0.0703185
1342	0.0702924
1343	0.0702662
1344	0.0702401
1345	0.070214
1346	0.0701879
1347	0.0701619
1348	0.0701358
1349	0.0701099
1350	0.0700839
1351	0.070058
1352	0.0700321
1353	0.0700062
1354	0.0699804
1355	0.0699546
1356	0.0699288
1357	0.069903
1358	0.0698773
1359	0.0698516
1360	0.0698259
1361	0.0698003
1362	0.0697747
1363	0.0697491
1364	0.0697235
1365	0.069698
1366	0.0696725
1367	0.069647
1368	0.0696216
1369	0.0695962
1370	0.0695708
1371	0.0695454
1372	0.0695201
1373	0.0694948
1374	0.0694695
1375	0.0694442
1376	0.069419
1377	0.0693938
1378	0.0693686
1379	0.0693435
1380	0.0693184
1381	0.0692933
1382	0.0692682
1383	0.0692432
1384	0.0692182
1385	0.0691932
1386	0.0691683
1387	0.0691434
1388	0.0691185
1389	0.0690936
1390	0.0690687
1391	0.0690439
1392	0.0690191
1393	0.0689944
1394	0.0689696
1395	0.0689449
1396	0.0689202
1397	0.0688956
1398	0.068871
1399	0.0688464
1400	0.0688218
1401	0.0687972
1402	0.0687727
1403	0.0687482
1404	0.0687237
1405	0.0686993
1406	0.0686749
1407	0.0686505
1408	0.0686261
1409	0.0686017
1410	0.0685774
1411	0.0685531
1412	0.0685289
1413	0.0685046
1414	0.0684804
1415	0.0684562
1416	0.0684321
1417	0.0684079
1418	0.0683838
1419	0.0683597
1420	0.0683357
1421	0.0683116
1422	0.0682876
1423	0.0682636
1424	0.0682397
1425	0.0682158
1426	0.0681918
1427	0.068168
1428	0.0681441
1429	0.0681203
1430	0.0680965
1431	0.0680727
1432	0.0680489
1433	0.0680252
1434	0.0680015
1435	0.0679778
1436	0.0679541
1437	0.0679305
1438	0.0679069
1439	0.0678833
1440	0.0678597
1441	0.0678362
1442	0.0678127
1443	0.0677892
1444	0.0677657
1445	0.0677423
1446	0.0677189
1447	0.0676955
1448	0.0676721
1449	0.0676488
1450	0.0676255
1451	0.0676022
1452	0.0675789
1453	0.0675557
1454	0.0675324
1455	0.0675092
1456	0.0674861
1457	0.0674629
1458	0.0674398
1459	0.0674167
1460	0.0673936
1461	0.0673706
1462	0.0673475
1463	0.0673245
1464	0.0673015
1465	0.0672786
1466	0.0672556
1467	0.0672327
1468	0.0672098
1469	0.067187
1470	0.0671641
1471	0.0671413
1472	0.0671185
1473	0.0670957
1474	0.067073
1475	0.0670502
1476	0.0670275
1477	0.0670049
1478	0.0669822
1479	0.0669596
1480	0.0669369
1481	0.0669144
1482	0.0668918
1483	0.0668692
1484	0.0668467
1485	0.0668242
1486	0.0668018
1487	0.0667793
1488	0.0667569
1489	0.0667345
1490	0.0667121
1491	0.0666897
1492	0.0666674
1493	0.0666451
1494	0.0666228
1495	0.0666005
1496	0.0665782
1497	0.066556
1498	0.0665338
1499	0.0665116
1500	0.0664895
1501	0.0664673
1502	0.0664452
1503	0.0664231
1504	0.066401
1505	0.066379
1506	0.0663569
1507	0.0663349
1508	0.0663129
1509	0.066291
1510	0.066269
1511	0.0662471
1512	0.0662252
1513	0.0662033
1514	0.0661815
1515	0.0661597
1516	0.0661378
1517	0.0661161
1518	0.0660943
1519	0.0660725
1520	0.0660508
1521	0.0660291
1522	0.0660074
1523	0.0659858
1524	0.0659641
1525	0.0659425
1526	0.0659209
1527	0.0658993
1528	0.0658778
1529	0.0658562
1530	0.0658347
1531	0.0658132
1532	0.0657918
1533	0.0657703
1534	0.0657489
1535	0.0657275
1536	0.0657061
1537	0.0656847
1538	0.0656634
1539	0.065642
1540	0.0656207
1541	0.0655995
1542	0.0655782
1543	0.0655569
1544	0.0655357
1545	0.0655145
1546	0.0654933
1547	0.0654722
1548	0.065451
1549	0.0654299
1550	0.0654088
1551	0.0653878
1552	0.0653667
1553	0.0653457
1554	0.0653246
1555	0.0653036
1556	0.0652827
1557	0.0652617
1558	0.0652408
1559	0.0652199
1560	0.065199
1561	0.0651781
1562	0.0651572
1563	0.0651364
1564	0.0651156
1565	0.0650948
1566	0.065074
1567	0.0650532
1568	0.0650325
1569	0.0650118
1570	0.0649911
1571	0.0649704
1572	0.0649498
1573	0.0649291
1574	0.0649085
1575	0.0648879
1576	0.0648673
1577	0.0648468
1578	0.0648262
1579	0.0648057
1580	0.0647852
1581	0.0647647
1582	0.0647443
1583	0.0647238
1584	0.0647034
1585	0.064683
1586	0.0646626
1587	0.0646422
1588	0.0646219
1589	0.0646016
1590	0.0645813
1591	0.064561
1592	0.0645407
1593	0.0645205
1594	0.0645002
1595	0.06448
1596	0.0644598
1597	0.0644396
1598	0.0644195
1599	0.0643994
1600	0.0643792
1601	0.0643591
1602	0.0643391
1603	0.064319
1604	0.064299
1605	0.0642789
1606	0.0642589
1607	0.0642389
1608	0.064219
1609	0.064199
1610	0.0641791
1611	0.0641592
1612	0.0641393
1613	0.0641194
1614	0.0640996
1615	0.0640797
1616	0.0640599
1617	0.0640401
1618	0.0640203
1619	0.0640005
1620	0.0639808
1621	0.0639611
1622	0.0639414
1623	0.0639217
1624	0.063902
1625	0.0638823
1626	0.0638627
1627	0.0638431
1628	0.0638235
1629	0.0638039
1630	0.0637843
1631	0.0637648
1632	0.0637453
1633	0.0637258
1634	0.0637063
1635	0.0636868
1636	0.0636673
1637	0.0636479
1638	0.0636285
1639	0.0636091
1640	0.0635897
1641	0.0635703
1642	0.063551
1643	0.0635316
1644	0.0635123
1645	0.063493
1646	0.0634737
1647	0.0634545
1648	0.0634352
1649	0.063416
1650	0.0633968
1651	0.0633776
1652	0.0633584
1653	0.0633393
1654	0.0633201
1655	0.063301
1656	0.0632819
1657	0.0632628
1658	0.0632437
1659	0.0632247
1660	0.0632056
1661	0.0631866
1662	0.0631676
1663	0.0631486
1664	0.0631297
1665	0.0631107
1666	0.0630918
1667	0.0630729
1668	0.063054
1669	0.0630351
1670	0.0630162
1671	0.0629974
1672	0.0629785
1673	0.0629597
1674	0.0629409
1675	0.0629221
1676	0.0629034
1677	0.0628846
1678	0.0628659
1679	0.0628472
1680	0.0628285
1681	0.0628098
1682	0.0627911
1683	0.0627725
1684	0.0627538
1685	0.0627352
1686	0.0627166
1687	0.062698
1688	0.0626795
1689	0.0626609
1690	0.0626424
1691	0.0626239
1692	0.0626054
1693	0.0625869
1694	0.0625684
1695	0.06255
1696	0.0625316
1697	0.0625131
1698	0.0624947
1699	0.0624763
1700	0.062458
1701	0.0624396
1702	0.0624213
1703	0.062403
1704	0.0623847
1705	0.0623664
1706	0.0623481
1707	0.0623298
1708	0.0623116
1709	0.0622934
1710	0.0622752
1711	0.062257
1712	0.0622388
1713	0.0622206
1714	0.0622025
1715	0.0621844
1716	0.0621663
1717	0.0621482
1718	0.0621301
1719	0.062112
1720	0.062094
1721	0.0620759
1722	0.0620579
1723	0.0620399
1724	0.0620219
1725	0.0620039
1726	0.061986
1727	0.0619681
1728	0.0619501
1729	0.0619322
1730	0.0619143
1731	0.0618964
1732	0.0618786
1733	0.0618607
1734	0.0618429
1735	0.0618251
1736	0.0618073
1737	0.0617895
1738	0.0617717
1739	0.061754
1740	0.0617362
1741	0.0617185
1742	0.0617008
1743	0.0616831
1744	0.0616654
1745	0.0616478
1746	0.0616301
1747	0.0616125
1748	0.0615949
1749	0.0615773
1750	0.0615597
1751	0.0615421
1752	0.0615246
1753	0.061507
1754	0.0614895
1755	0.061472
1756	0.0614545
1757	0.061437
1758	0.0614195
1759	0.0614021
1760	0.0613846
1761	0.0613672
1762	0.0613498
1763	0.0613324
1764	0.061315
1765	0.0612977
1766	0.0612803
1767	0.061263
1768	0.0612457
1769	0.0612284
1770	0.0612111
1771	0.0611938
1772	0.0611765
1773	0.0611593
1774	0.061142
1775	0.0611248
1776	0.0611076
1777	0.0610904
1778	0.0610733
1779	0.0610561
1780	0.061039
1781	0.0610218
1782	0.0610047
1783	0.0609876
1784	0.0609705
1785	0.0609534
1786	0.0609364
1787	0.0609193
1788	0.0609023
1789	0.0608853
1790	0.0608683
1791	0.0608513
1792	0.0608343
1793	0.0608174
1794	0.0608004
1795	0.0607835
1796	0.0607666
1797	0.0607497
1798	0.0607328
1799	0.0607159
1800	0.0606991
1801	0.0606822
1802	0.0606654
1803	0.0606486
1804	0.0606318
1805	0.060615
1806	0.0605982
1807	0.0605814
1808	0.0605647
1809	0.0605479
1810	0.0605312
1811	0.0605145
1812	0.0604978
1813	0.0604811
1814	0.0604645
1815	0.0604478
1816	0.0604312
1817	0.0604146
1818	0.060398
1819	0.0603814
1820	0.0603648
1821	0.0603482
1822	0.0603317
1823	0.0603151
1824	0.0602986
1825	0.0602821
1826	0.0602656
1827	0.0602491
1828	0.0602326
1829	0.0602161
1830	0.0601997
1831	0.0601833
1832	0.0601668
1833	0.0601504
1834	0.060134
1835	0.0601177
1836	0.0601013
1837	0.0600849
1838	0.0600686
1839	0.0600523
1840	0.060036
1841	0.0600197
1842	0.0600034
1843	0.0599871
1844	0.0599708
1845	0.0599546
1846	0.0599384
1847	0.0599221
1848	0.0599059
1849	0.0598897
1850	0.0598736
1851	0.0598574
1852	0.0598412
1853	0.0598251
1854	0.059809
1855	0.0597928
1856	0.0597767
1857	0.0597606
1858	0.0597446
1859	0.0597285
1860	0.0597125
1861	0.0596964
1862	0.0596804
1863	0.0596644
1864	0.0596484
1865	0.0596324
1866	0.0596164
1867	0.0596005
1868	0.0595845
1869	0.0595686
1870	0.0595527
1871	0.0595367
1872	0.0595208
1873	0.059505
1874	0.0594891
1875	0.0594732
1876	0.0594574
1877	0.0594416
1878	0.0594257
1879	0.0594099
1880	0.0593941
1881	0.0593783
1882	0.0593626
1883	0.0593468
1884	0.0593311
1885	0.0593153
1886	0.0592996
1887	0.0592839
1888	0.0592682
1889	0.0592525
1890	0.0592369
1891	0.0592212
1892	0.0592056
1893	0.0591899
1894	0.0591743
1895	0.0591587
1896	0.0591431
1897	0.0591275
1898	0.0591119
1899	0.0590964
1900	0.0590808
1901	0.0590653
1902	0.0590498
1903	0.0590343
1904	0.0590188
1905	0.0590033
1906	0.0589878
1907	0.0589723
1908	0.0589569
1909	0.0589415
1910	0.058926
1911	0.0589106
1912	0.0588952
1913	0.0588798
1914	0.0588645
1915	0.0588491
1916	0.0588337
1917	0.0588184
1918	0.0588031
1919	0.0587878
1920	0.0587724
1921	0.0587572
1922	0.0587419
1923	0.0587266
1924	0.0587114
1925	0.0586961
1926	0.0586809
1927	0.0586657
1928	0.0586504
1929	0.0586352
1930	0.0586201
1931	0.0586049
1932	0.0585897
1933	0.0585746
1934	0.0585594
1935	0.0585443
1936	0.0585292
1937	0.0585141
1938	0.058499
1939	0.0584839
1940	0.0584688
1941	0.0584538
1942	0.0584387
1943	0.0584237
1944	0.0584087
1945	0.0583937
1946	0.0583787
1947	0.0583637
1948	0.0583487
1949	0.0583337
1950	0.0583188
1951	0.0583039
1952	0.0582889
1953	0.058274
1954	0.0582591
1955	0.0582442
1956	0.0582293
1957	0.0582144
1958	0.0581996
1959	0.0581847
1960	0.0581699
1961	0.0581551
1962	0.0581402
1963	0.0581254
1964	0.0581107
1965	0.0580959
1966	0.0580811
1967	0.0580663
1968	0.0580516
1969	0.0580369
1970	0.0580221
1971	0.0580074
1972	0.0579927
1973	0.057978
1974	0.0579633
1975	0.0579487
1976	0.057934
1977	0.0579194
1978	0.0579047
1979	0.0578901
1980	0.0578755
1981	0.0578609
1982	0.0578463
1983	0.0578317
1984	0.0578171
1985	0.0578026
1986	0.057788
1987	0.0577735
1988	0.057759
1989	0.0577444
1990	0.0577299
1991	0.0577155
1992	0.057701
1993	0.0576865
1994	0.057672
1995	0.0576576
1996	0.0576431
1997	0.0576287
1998	0.0576143
1999	0.0575999
2000	0.0575855
2001	0.057571
2002	0.057557
2003	0.057542
2004	0.057528
2005	0.057514
2006	0.057499
2007	0.057485
2008	0.057471
2009	0.057456
2010	0.057442
2011	0.057428
2012	0.057414
2013	0.057399
2014	0.057385
2015	0.057371
2016	0.057357
2017	0.057342
2018	0.057328
2019	0.057314
2020	0.057300
2021	0.057286
2022	0.057271
2023	0.057257
2024	0.057243
2025	0.057229
2026	0.057215
2027	0.057201
2028	0.057187
2029	0.057173
2030	0.057159
2031	0.057145
2032	0.057130
2033	0.057116
2034	0.057102
2035	0.057088
2036	0.057074
2037	0.057060
2038	0.057046
2039	0.057032
2040	0.057018
2041	0.057004
2042	0.056990
2043	0.056977
2044	0.056963
2045	0.056949
2046	0.056935
2047	0.056921
2048	0.056907
2049	0.056893
2050	0.056879
2051	0.056865
2052	0.056851
2053	0.056838
2054	0.056824
2055	0.056810
2056	0.056796
2057	0.056782
2058	0.056769
2059	0.056755
2060	0.056741
2061	0.056727
2062	0.056714
2063	0.056700
2064	0.056686
2065	0.056672
2066	0.056659
2067	0.056645
2068	0.056631
2069	0.056618
2070	0.056604
2071	0.056590
2072	0.056577
2073	0.056563
2074	0.056549
2075	0.056536
2076	0.056522
2077	0.056508
2078	0.056495
2079	0.056481
2080	0.056468
2081	0.056454
2082	0.056441
2083	0.056427
2084	0.056413
2085	0.056400
2086	0.056386
2087	0.056373
2088	0.056359
2089	0.056346
2090	0.056332
2091	0.056319
2092	0.056306
2093	0.056292
2094	0.056279
2095	0.056265
2096	0.056252
2097	0.056238
2098	0.056225
2099	0.056212
2100	0.056198
2101	0.056185
2102	0.056172
2103	0.056158
2104	0.056145
2105	0.056131
2106	0.056118
2107	0.056105
2108	0.056092
2109	0.056078
2110	0.056065
2111	0.056052
2112	0.056038
2113	0.056025
2114	0.056012
2115	0.055999
2116	0.055985
2117	0.055972
2118	0.055959
2119	0.055946
2120	0.055933
2121	0.055919
2122	0.055906
2123	0.055893
2124	0.055880
2125	0.055867
2126	0.055854
2127	0.055841
2128	0.055827
2129	0.055814
2130	0.055801
2131	0.055788
2132	0.055775
2133	0.055762
2134	0.055749
2135	0.055736
2136	0.055723
2137	0.055710
2138	0.055697
2139	0.055684
2140	0.055671
2141	0.055658
2142	0.055645
2143	0.055632
2144	0.055619
2145	0.055606
2146	0.055593
2147	0.055580
2148	0.055567
2149	0.055554
2150	0.055541
2151	0.055528
2152	0.055515
2153	0.055502
2154	0.055490
2155	0.055477
2156	0.055464
2157	0.055451
2158	0.055438
2159	0.055425
2160	0.055413
2161	0.055400
2162	0.055387
2163	0.055374
2164	0.055361
2165	0.055349
2166	0.055336
2167	0.055323
2168	0.055310
2169	0.055297
2170	0.055285
2171	0.055272
2172	0.055259
2173	0.055247
2174	0.055234
2175	0.055221
2176	0.055208
2177	0.055196
2178	0.055183
2179	0.055170
2180	0.055158
2181	0.055145
2182	0.055133
2183	0.055120
2184	0.055107
2185	0.055095
2186	0.055082
2187	0.055070
2188	0.055057
2189	0.055044
2190	0.055032
2191	0.055019
2192	0.055007
2193	0.054994
2194	0.054982
2195	0.054969
2196	0.054957
2197	0.054944
2198	0.054932
2199	0.054919
2200	0.054907
2201	0.054894
2202	0.054882
2203	0.054869
2204	0.054857
2205	0.054844
2206	0.054832
2207	0.054820
2208	0.054807
2209	0.054795
2210	0.054782
2211	0.054770
2212	0.054758
2213	0.054745
2214	0.054733
2215	0.054720
2216	0.054708
2217	0.054696
2218	0.054683
2219	0.054671
2220	0.054659
2221	0.054647
2222	0.054634
2223	0.054622
2224	0.054610
2225	0.054597
2226	0.054585
2227	0.054573
2228	0.054561
2229	0.054548
2230	0.054536
2231	0.054524
2232	0.054512
2233	0.054500
2234	0.054487
2235	0.054475
2236	0.054463
2237	0.054451
2238	0.054439
2239	0.054427
2240	0.054414
2241	0.054402
2242	0.054390
2243	0.054378
2244	0.054366
2245	0.054354
2246	0.054342
2247	0.054330
2248	0.054318
2249	0.054305
2250	0.054293
2251	0.054281
2252	0.054269
2253	0.054257
2254	0.054245
2255	0.054233
2256	0.054221
2257	0.054209
2258	0.054197
2259	0.054185
2260	0.054173
2261	0.054161
2262	0.054149
2263	0.054137
2264	0.054125
2265	0.054113
2266	0.054101
2267	0.054089
2268	0.054078
2269	0.054066
2270	0.054054
2271	0.054042
2272	0.054030
2273	0.054018
2274	0.054006
2275	0.053994
2276	0.053982
2277	0.053971
2278	0.053959
2279	0.053947
2280	0.053935
2281	0.053923
2282	0.053911
2283	0.053900
2284	0.053888
2285	0.053876
2286	0.053864
2287	0.053853
2288	0.053841
2289	0.053829
2290	0.053817
2291	0.053806
2292	0.053794
2293	0.053782
2294	0.053770
2295	0.053759
2296	0.053747
2297	0.053735
2298	0.053724
2299	0.053712
2300	0.053700
2301	0.053689
2302	0.053677
2303	0.053665
2304	0.053654
2305	0.053642
2306	0.053630
2307	0.053619
2308	0.053607
2309	0.053595
2310	0.053584
2311	0.053572
2312	0.053561
2313	0.053549
2314	0.053538
2315	0.053526
2316	0.053514
2317	0.053503
2318	0.053491
2319	0.053480
2320	0.053468
2321	0.053457
2322	0.053445
2323	0.053434
2324	0.053422
2325	0.053411
2326	0.053399
2327	0.053388
2328	0.053376
2329	0.053365
2330	0.053353
2331	0.053342
2332	0.053331
2333	0.053319
2334	0.053308
2335	0.053296
2336	0.053285
2337	0.053274
2338	0.053262
2339	0.053251
2340	0.053239
2341	0.053228
2342	0.053217
2343	0.053205
2344	0.053194
2345	0.053183
2346	0.053171
2347	0.053160
2348	0.053149
2349	0.053137
2350	0.053126
2351	0.053115
2352	0.053103
2353	0.053092
2354	0.053081
2355	0.053070
2356	0.053058
2357	0.053047
2358	0.053036
2359	0.053025
2360	0.053013
2361	0.053002
2362	0.052991
2363	0.052980
2364	0.052969
2365	0.052957
2366	0.052946
2367	0.052935
2368	0.052924
2369	0.052913
2370	0.052901
2371	0.052890
2372	0.052879
2373	0.052868
2374	0.052857
2375	0.052846
2376	0.052835
2377	0.052824
2378	0.052812
2379	0.052801
2380	0.052790
2381	0.052779
2382	0.052768
2383	0.052757
2384	0.052746
2385	0.052735
2386	0.052724
2387	0.052713
2388	0.052702
2389	0.052691
2390	0.052680
2391	0.052669
2392	0.052658
2393	0.052647
2394	0.052636
2395	0.052625
2396	0.052614
2397	0.052603
2398	0.052592
2399	0.052581
2400	0.052570
2401	0.052559
2402	0.052548
2403	0.052537
2404	0.052526
2405	0.052515
2406	0.052504
2407	0.052493
2408	0.052483
2409	0.052472
2410	0.052461
2411	0.052450
2412	0.052439
2413	0.052428
2414	0.052417
2415	0.052406
2416	0.052396
2417	0.052385
2418	0.052374
2419	0.052363
2420	0.052352
2421	0.052342
2422	0.052331
2423	0.052320
2424	0.052309
2425	0.052298
2426	0.052288
2427	0.052277
2428	0.052266
2429	0.052255
2430	0.052245
2431	0.052234
2432	0.052223
2433	0.052212
2434	0.052202
2435	0.052191
2436	0.052180
2437	0.052169
2438	0.052159
2439	0.052148
2440	0.052137
2441	0.052127
2442	0.052116
2443	0.052105
2444	0.052095
2445	0.052084
2446	0.052073
2447	0.052063
2448	0.052052
2449	0.052042
2450	0.052031
2451	0.052020
2452	0.052010
2453	0.051999
2454	0.051989
2455	0.051978
2456	0.051967
2457	0.051957
2458	0.051946
2459	0.051936
2460	0.051925
2461	0.051915
2462	0.051904
2463	0.051893
2464	0.051883
2465	0.051872
2466	0.051862
2467	0.051851
2468	0.051841
2469	0.051830
2470	0.051820
2471	0.051809
2472	0.051799
2473	0.051788
2474	0.051778
2475	0.051768
2476	0.051757
2477	0.051747
2478	0.051736
2479	0.051726
2480	0.051715
2481	0.051705
2482	0.051695
2483	0.051684
2484	0.051674
2485	0.051663
2486	0.051653
2487	0.051643
2488	0.051632
2489	0.051622
2490	0.051611
2491	0.051601
2492	0.051591
2493	0.051580
2494	0.051570
2495	0.051560
2496	0.051549
2497	0.051539
2498	0.051529
2499	0.051518
2500	0.051508
2501	0.051498
2502	0.051488
2503	0.051477
2504	0.051467
2505	0.051457
2506	0.051446
2507	0.051436
2508	0.051426
2509	0.051416
2510	0.051405
2511	0.051395
2512	0.051385
2513	0.051375
2514	0.051365
2515	0.051354
2516	0.051344
2517	0.051334
2518	0.051324
2519	0.051314
2520	0.051303
2521	0.051293
2522	0.051283
2523	0.051273
2524	0.051263
2525	0.051253
2526	0.051242
2527	0.051232
2528	0.051222
2529	0.051212
2530	0.051202
2531	0.051192
2532	0.051182
2533	0.051172
2534	0.051162
2535	0.051151
2536	0.051141
2537	0.051131
2538	0.051121
2539	0.051111
2540	0.051101
2541	0.051091
2542	0.051081
2543	0.051071
2544	0.051061
2545	0.051051
2546	0.051041
2547	0.051031
2548	0.051021
2549	0.051011
2550	0.051001
2551	0.050991
2552	0.050981
2553	0.050971
2554	0.050961
2555	0.050951
2556	0.050941
2557	0.050931
2558	0.050921
2559	0.050911
2560	0.050901
2561	0.050891
2562	0.050881
2563	0.050871
2564	0.050861
2565	0.050852
2566	0.050842
2567	0.050832
2568	0.050822
2569	0.050812
2570	0.050802
2571	0.050792
2572	0.050782
2573	0.050772
2574	0.050763
2575	0.050753
2576	0.050743
2577	0.050733
2578	0.050723
2579	0.050713
2580	0.050704
2581	0.050694
2582	0.050684
2583	0.050674
2584	0.050664
2585	0.050654
2586	0.050645
2587	0.050635
2588	0.050625
2589	0.050615
2590	0.050606
2591	0.050596
2592	0.050586
2593	0.050576
2594	0.050567
2595	0.050557
2596	0.050547
2597	0.050537
2598	0.050528
2599	0.050518
2600	0.050508
2601	0.050499
2602	0.050489
2603	0.050479
2604	0.050469
2605	0.050460
2606	0.050450
2607	0.050440
2608	0.050431
2609	0.050421
2610	0.050411
2611	0.050402
2612	0.050392
2613	0.050382
2614	0.050373
2615	0.050363
2616	0.050354
2617	0.050344
2618	0.050334
2619	0.050325
2620	0.050315
2621	0.050306
2622	0.050296
2623	0.050286
2624	0.050277
2625	0.050267
2626	0.050258
2627	0.050248
2628	0.050239
2629	0.050229
2630	0.050219
2631	0.050210
2632	0.050200
2633	0.050191
2634	0.050181
2635	0.050172
2636	0.050162
2637	0.050153
2638	0.050143
2639	0.050134
2640	0.050124
2641	0.050115
2642	0.050105
2643	0.050096
2644	0.050086
2645	0.050077
2646	0.050067
2647	0.050058
2648	0.050048
2649	0.050039
2650	0.050030
2651	0.050020
2652	0.050011
2653	0.050001
2654	0.049992
2655	0.049982
2656	0.049973
2657	0.049964
2658	0.049954
2659	0.049945
2660	0.049936
2661	0.049926
2662	0.049917
2663	0.049907
2664	0.049898
2665	0.049889
2666	0.049879
2667	0.049870
2668	0.049861
2669	0.049851
2670	0.049842
2671	0.049833
2672	0.049823
2673	0.049814
2674	0.049805
2675	0.049795
2676	0.049786
2677	0.049777
2678	0.049767
2679	0.049758
2680	0.049749
2681	0.049740
2682	0.049730
2683	0.049721
2684	0.049712
2685	0.049703
2686	0.049693
2687	0.049684
2688	0.049675
2689	0.049666
2690	0.049656
2691	0.049647
2692	0.049638
2693	0.049629
2694	0.049619
2695	0.049610
2696	0.049601
2697	0.049592
2698	0.049583
2699	0.049574
2700	0.049564
2701	0.049555
2702	0.049546
2703	0.049537
2704	0.049528
2705	0.049519
2706	0.049509
2707	0.049500
2708	0.049491
2709	0.049482
2710	0.049473
2711	0.049464
2712	0.049455
2713	0.049445
2714	0.049436
2715	0.049427
2716	0.049418
2717	0.049409
2718	0.049400
2719	0.049391
2720	0.049382
2721	0.049373
2722	0.049364
2723	0.049355
2724	0.049346
2725	0.049337
2726	0.049327
2727	0.049318
2728	0.049309
2729	0.049300
2730	0.049291
2731	0.049282
2732	0.049273
2733	0.049264
2734	0.049255
2735	0.049246
2736	0.049237
2737	0.049228
2738	0.049219
2739	0.049210
2740	0.049201
2741	0.049192
2742	0.049183
2743	0.049174
2744	0.049165
2745	0.049157
2746	0.049148
2747	0.049139
2748	0.049130
2749	0.049121
2750	0.049112
2751	0.049103
2752	0.049094
2753	0.049085
2754	0.049076
2755	0.049067
2756	0.049058
2757	0.049049
2758	0.049041
2759	0.049032
2760	0.049023
2761	0.049014
2762	0.049005
2763	0.048996
2764	0.048987
2765	0.048978
2766	0.048970
2767	0.048961
2768	0.048952
2769	0.048943
2770	0.048934
2771	0.048925
2772	0.048917
2773	0.048908
2774	0.048899
2775	0.048890
2776	0.048881
2777	0.048873
2778	0.048864
2779	0.048855
2780	0.048846
2781	0.048837
2782	0.048829
2783	0.048820
2784	0.048811
2785	0.048802
2786	0.048794
2787	0.048785
2788	0.048776
2789	0.048767
2790	0.048759
2791	0.048750
2792	0.048741
2793	0.048732
2794	0.048724
2795	0.048715
2796	0.048706
2797	0.048698
2798	0.048689
2799	0.048680
2800	0.048671
2801	0.048663
2802	0.048654
2803	0.048645
2804	0.048637
2805	0.048628
2806	0.048619
2807	0.048611
2808	0.048602
2809	0.048593
2810	0.048585
2811	0.048576
2812	0.048568
2813	0.048559
2814	0.048550
2815	0.048542
2816	0.048533
2817	0.048524
2818	0.048516
2819	0.048507
2820	0.048499
2821	0.048490
2822	0.048481
2823	0.048473
2824	0.048464
2825	0.048456
2826	0.048447
2827	0.048439
2828	0.048430
2829	0.048421
2830	0.048413
2831	0.048404
2832	0.048396
2833	0.048387
2834	0.048379
2835	0.048370
2836	0.048362
2837	0.048353
2838	0.048345
2839	0.048336
2840	0.048328
2841	0.048319
2842	0.048311
2843	0.048302
2844	0.048294
2845	0.048285
2846	0.048277
2847	0.048268
2848	0.048260
2849	0.048251
2850	0.048243
2851	0.048234
2852	0.048226
2853	0.048217
2854	0.048209
2855	0.048201
2856	0.048192
2857	0.048184
2858	0.048175
2859	0.048167
2860	0.048158
2861	0.048150
2862	0.048142
2863	0.048133
2864	0.048125
2865	0.048116
2866	0.048108
2867	0.048100
2868	0.048091
2869	0.048083
2870	0.048074
2871	0.048066
2872	0.048058
2873	0.048049
2874	0.048041
2875	0.048033
2876	0.048024
2877	0.048016
2878	0.048008
2879	0.047999
2880	0.047991
2881	0.047983
2882	0.047974
2883	0.047966
2884	0.047958
2885	0.047949
2886	0.047941
2887	0.047933
2888	0.047924
2889	0.047916
2890	0.047908
2891	0.047900
2892	0.047891
2893	0.047883
2894	0.047875
2895	0.047866
2896	0.047858
2897	0.047850
2898	0.047842
2899	0.047833
2900	0.047825
2901	0.047817
2902	0.047809
2903	0.047800
2904	0.047792
2905	0.047784
2906	0.047776
2907	0.047768
2908	0.047759
2909	0.047751
2910	0.047743
2911	0.047735
2912	0.047727
2913	0.047718
2914	0.047710
2915	0.047702
2916	0.047694
2917	0.047686
2918	0.047678
2919	0.047669
2920	0.047661
2921	0.047653
2922	0.047645
2923	0.047637
2924	0.047629
2925	0.047620
2926	0.047612
2927	0.047604
2928	0.047596
2929	0.047588
2930	0.047580
2931	0.047572
2932	0.047564
2933	0.047555
2934	0.047547
2935	0.047539
2936	0.047531
2937	0.047523
2938	0.047515
2939	0.047507
2940	0.047499
2941	0.047491
2942	0.047483
2943	0.047475
2944	0.047467
2945	0.047459
2946	0.047450
2947	0.047442
2948	0.047434
2949	0.047426
2950	0.047418
2951	0.047410
2952	0.047402
2953	0.047394
2954	0.047386
2955	0.047378
2956	0.047370
2957	0.047362
2958	0.047354
2959	0.047346
2960	0.047338
2961	0.047330
2962	0.047322
2963	0.047314
2964	0.047306
2965	0.047298
2966	0.047290
2967	0.047282
2968	0.047274
2969	0.047266
2970	0.047258
2971	0.047250
2972	0.047242
2973	0.047235
2974	0.047227
2975	0.047219
2976	0.047211
2977	0.047203
2978	0.047195
2979	0.047187
2980	0.047179
2981	0.047171
2982	0.047163
2983	0.047155
2984	0.047147
2985	0.047140
2986	0.047132
2987	0.047124
2988	0.047116
2989	0.047108
2990	0.047100
2991	0.047092
2992	0.047084
2993	0.047077
2994	0.047069
2995	0.047061
2996	0.047053
2997	0.047045
2998	0.047037
2999	0.047029
3000	0.047022
3001	0.047014
3002	0.047006
3003	0.046998
3004	0.046990
3005	0.046982
3006	0.046975
3007	0.046967
3008	0.046959
3009	0.046951
3010	0.046943
3011	0.046936
3012	0.046928
3013	0.046920
3014	0.046912
3015	0.046904
3016	0.046897
3017	0.046889
3018	0.046881
3019	0.046873
3020	0.046866
3021	0.046858
3022	0.046850
3023	0.046842
3024	0.046835
3025	0.046827
3026	0.046819
3027	0.046811
3028	0.046804
3029	0.046796
3030	0.046788
3031	0.046781
3032	0.046773
3033	0.046765
3034	0.046757
3035	0.046750
3036	0.046742
3037	0.046734
3038	0.046727
3039	0.046719
3040	0.046711
3041	0.046704
3042	0.046696
3043	0.046688
3044	0.046681
3045	0.046673
3046	0.046665
3047	0.046658
3048	0.046650
3049	0.046642
3050	0.046635
3051	0.046627
3052	0.046619
3053	0.046612
3054	0.046604
3055	0.046596
3056	0.046589
3057	0.046581
3058	0.046574
3059	0.046566
3060	0.046558
3061	0.046551
3062	0.046543
3063	0.046536
3064	0.046528
3065	0.046520
3066	0.046513
3067	0.046505
3068	0.046498
3069	0.046490
3070	0.046483
3071	0.046475
3072	0.046467
3073	0.046460
3074	0.046452
3075	0.046445
3076	0.046437
3077	0.046430
3078	0.046422
3079	0.046415
3080	0.046407
3081	0.046400
3082	0.046392
3083	0.046384
3084	0.046377
3085	0.046369
3086	0.046362
3087	0.046354
3088	0.046347
3089	0.046339
3090	0.046332
3091	0.046324
3092	0.046317
3093	0.046309
3094	0.046302
3095	0.046294
3096	0.046287
3097	0.046280
3098	0.046272
3099	0.046265
3100	0.046257
3101	0.046250
3102	0.046242
3103	0.046235
3104	0.046227
3105	0.046220
3106	0.046212
3107	0.046205
3108	0.046198
3109	0.046190
3110	0.046183
3111	0.046175
3112	0.046168
3113	0.046160
3114	0.046153
3115	0.046146
3116	0.046138
3117	0.046131
3118	0.046123
3119	0.046116
3120	0.046109
3121	0.046101
3122	0.046094
3123	0.046087
3124	0.046079
3125	0.046072
3126	0.046064
3127	0.046057
3128	0.046050
3129	0.046042
3130	0.046035
3131	0.046028
3132	0.046020
3133	0.046013
3134	0.046006
3135	0.045998
3136	0.045991
3137	0.045984
3138	0.045976
3139	0.045969
3140	0.045962
3141	0.045954
3142	0.045947
3143	0.045940
3144	0.045932
3145	0.045925
3146	0.045918
3147	0.045911
3148	0.045903
3149	0.045896
3150	0.045889
3151	0.045881
3152	0.045874
3153	0.045867
3154	0.045860
3155	0.045852
3156	0.045845
3157	0.045838
3158	0.045831
3159	0.045823
3160	0.045816
3161	0.045809
3162	0.045802
3163	0.045794
3164	0.045787
3165	0.045780
3166	0.045773
3167	0.045765
3168	0.045758
3169	0.045751
3170	0.045744
3171	0.045736
3172	0.045729
3173	0.045722
3174	0.045715
3175	0.045708
3176	0.045700
3177	0.045693
3178	0.045686
3179	0.045679
3180	0.045672
3181	0.045665
3182	0.045657
3183	0.045650
3184	0.045643
3185	0.045636
3186	0.045629
3187	0.045622
3188	0.045614
3189	0.045607
3190	0.045600
3191	0.045593
3192	0.045586
3193	0.045579
3194	0.045572
3195	0.045564
3196	0.045557
3197	0.045550
3198	0.045543
3199	0.045536
3200	0.045529
3201	0.045522
3202	0.045515
3203	0.045508
3204	0.045500
3205	0.045493
3206	0.045486
3207	0.045479
3208	0.045472
3209	0.045465
3210	0.045458
3211	0.045451
3212	0.045444
3213	0.045437
3214	0.045430
3215	0.045423
3216	0.045415
3217	0.045408
3218	0.045401
3219	0.045394
3220	0.045387
3221	0.045380
3222	0.045373
3223	0.045366
3224	0.045359
3225	0.045352
3226	0.045345
3227	0.045338
3228	0.045331
3229	0.045324
3230	0.045317
3231	0.045310
3232	0.045303
3233	0.045296
3234	0.045289
3235	0.045282
3236	0.045275
3237	0.045268
3238	0.045261
3239	0.045254
3240	0.045247
3241	0.045240
3242	0.045233
3243	0.045226
3244	0.045219
3245	0.045212
3246	0.045205
3247	0.045198
3248	0.045191
3249	0.045184
3250	0.045177
3251	0.045170
3252	0.045163
3253	0.045157
3254	0.045150
3255	0.045143
3256	0.045136
3257	0.045129
3258	0.045122
3259	0.045115
3260	0.045108
3261	0.045101
3262	0.045094
3263	0.045087
3264	0.045080
3265	0.045073
3266	0.045067
3267	0.045060
3268	0.045053
3269	0.045046
3270	0.045039
3271	0.045032
3272	0.045025
3273	0.045018
3274	0.045011
3275	0.045005
3276	0.044998
3277	0.044991
3278	0.044984
3279	0.044977
3280	0.044970
3281	0.044963
3282	0.044957
3283	0.044950
3284	0.044943
3285	0.044936
3286	0.044929
3287	0.044922
3288	0.044916
3289	0.044909
3290	0.044902
3291	0.044895
3292	0.044888
3293	0.044881
3294	0.044875
3295	0.044868
3296	0.044861
3297	0.044854
3298	0.044847
3299	0.044841
3300	0.044834
3301	0.044827
3302	0.044820
3303	0.044814
3304	0.044807
3305	0.044800
3306	0.044793
3307	0.044786
3308	0.044780
3309	0.044773
3310	0.044766
3311	0.044759
3312	0.044753
3313	0.044746
3314	0.044739
3315	0.044732
3316	0.044726
3317	0.044719
3318	0.044712
3319	0.044705
3320	0.044699
3321	0.044692
3322	0.044685
3323	0.044678
3324	0.044672
3325	0.044665
3326	0.044658
3327	0.044652
3328	0.044645
3329	0.044638
3330	0.044632
3331	0.044625
3332	0.044618
3333	0.044611
3334	0.044605
3335	0.044598
3336	0.044591
3337	0.044585
3338	0.044578
3339	0.044571
3340	0.044565
3341	0.044558
3342	0.044551
3343	0.044545
3344	0.044538
3345	0.044531
3346	0.044525
3347	0.044518
3348	0.044511
3349	0.044505
3350	0.044498
3351	0.044491
3352	0.044485
3353	0.044478
3354	0.044472
3355	0.044465
3356	0.044458
3357	0.044452
3358	0.044445
3359	0.044438
3360	0.044432
3361	0.044425
3362	0.044419
3363	0.044412
3364	0.044405
3365	0.044399
3366	0.044392
3367	0.044386
3368	0.044379
3369	0.044372
3370	0.044366
3371	0.044359
3372	0.044353
3373	0.044346
3374	0.044340
3375	0.044333
3376	0.044326
3377	0.044320
3378	0.044313
3379	0.044307
3380	0.044300
3381	0.044294
3382	0.044287
3383	0.044281
3384	0.044274
3385	0.044268
3386	0.044261
3387	0.044254
3388	0.044248
3389	0.044241
3390	0.044235
3391	0.044228
3392	0.044222
3393	0.044215
3394	0.044209
3395	0.044202
3396	0.044196
3397	0.044189
3398	0.044183
3399	0.044176
3400	0.044170
3401	0.044163
3402	0.044157
3403	0.044150
3404	0.044144
3405	0.044137
3406	0.044131
3407	0.044124
3408	0.044118
3409	0.044111
3410	0.044105
3411	0.044099
3412	0.044092
3413	0.044086
3414	0.044079
3415	0.044073
3416	0.044066
3417	0.044060
3418	0.044053
3419	0.044047
3420	0.044040
3421	0.044034
3422	0.044028
3423	0.044021
3424	0.044015
3425	0.044008
3426	0.044002
3427	0.043995
3428	0.043989
3429	0.043983
3430	0.043976
3431	0.043970
3432	0.043963
3433	0.043957
3434	0.043951
3435	0.043944
3436	0.043938
3437	0.043931
3438	0.043925
3439	0.043919
3440	0.043912
3441	0.043906
3442	0.043900
3443	0.043893
3444	0.043887
3445	0.043880
3446	0.043874
3447	0.043868
3448	0.043861
3449	0.043855
3450	0.043849
3451	0.043842
3452	0.043836
3453	0.043830
3454	0.043823
3455	0.043817
3456	0.043811
3457	0.043804
3458	0.043798
3459	0.043792
3460	0.043785
3461	0.043779
3462	0.043773
3463	0.043766
3464	0.043760
3465	0.043754
3466	0.043747
3467	0.043741
3468	0.043735
3469	0.043728
3470	0.043722
3471	0.043716
3472	0.043710
3473	0.043703
3474	0.043697
3475	0.043691
3476	0.043684
3477	0.043678
3478	0.043672
3479	0.043666
3480	0.043659
3481	0.043653
3482	0.043647
3483	0.043640
3484	0.043634
3485	0.043628
3486	0.043622
3487	0.043615
3488	0.043609
3489	0.043603
3490	0.043597
3491	0.043590
3492	0.043584
3493	0.043578
3494	0.043572
3495	0.043565
3496	0.043559
3497	0.043553
3498	0.043547
3499	0.043541
3500	0.043534
3501	0.043528
3502	0.043522
3503	0.043516
3504	0.043510
3505	0.043503
3506	0.043497
3507	0.043491
3508	0.043485
3509	0.043479
3510	0.043472
3511	0.043466
3512	0.043460
3513	0.043454
3514	0.043448
3515	0.043441
3516	0.043435
3517	0.043429
3518	0.043423
3519	0.043417
3520	0.043411
3521	0.043404
3522	0.043398
3523	0.043392
3524	0.043386
3525	0.043380
3526	0.043374
3527	0.043367
3528	0.043361
3529	0.043355
3530	0.043349
3531	0.043343
3532	0.043337
3533	0.043331
3534	0.043324
3535	0.043318
3536	0.043312
3537	0.043306
3538	0.043300
3539	0.043294
3540	0.043288
3541	0.043282
3542	0.043276
3543	0.043269
3544	0.043263
3545	0.043257
3546	0.043251
3547	0.043245
3548	0.043239
3549	0.043233
3550	0.043227
3551	0.043221
3552	0.043215
3553	0.043209
3554	0.043202
3555	0.043196
3556	0.043190
3557	0.043184
3558	0.043178
3559	0.043172
3560	0.043166
3561	0.043160
3562	0.043154
3563	0.043148
3564	0.043142
3565	0.043136
3566	0.043130
3567	0.043124
3568	0.043118
3569	0.043112
3570	0.043106
3571	0.043100
3572	0.043093
3573	0.043087
3574	0.043081
3575	0.043075
3576	0.043069
3577	0.043063
3578	0.043057
3579	0.043051
3580	0.043045
3581	0.043039
3582	0.043033
3583	0.043027
3584	0.043021
3585	0.043015
3586	0.043009
3587	0.043003
3588	0.042997
3589	0.042991
3590	0.042985
3591	0.042979
3592	0.042973
3593	0.042967
3594	0.042961
3595	0.042955
3596	0.042949
3597	0.042944
3598	0.042938
3599	0.042932
3600	0.042926
3601	0.042920
3602	0.042914
3603	0.042908
3604	0.042902
3605	0.042896
3606	0.042890
3607	0.042884
3608	0.042878
3609	0.042872
3610	0.042866
3611	0.042860
3612	0.042854
3613	0.042848
3614	0.042842
3615	0.042836
3616	0.042831
3617	0.042825
3618	0.042819
3619	0.042813
3620	0.042807
3621	0.042801
3622	0.042795
3623	0.042789
3624	0.042783
3625	0.042777
3626	0.042771
3627	0.042766
3628	0.042760
3629	0.042754
3630	0.042748
3631	0.042742
3632	0.042736
3633	0.042730
3634	0.042724
3635	0.042718
3636	0.042713
3637	0.042707
3638	0.042701
3639	0.042695
3640	0.042689
3641	0.042683
3642	0.042677
3643	0.042672
3644	0.042666
3645	0.042660
3646	0.042654
3647	0.042648
3648	0.042642
3649	0.042636
3650	0.042631
3651	0.042625
3652	0.042619
3653	0.042613
3654	0.042607
3655	0.042601
3656	0.042596
3657	0.042590
3658	0.042584
3659	0.042578
3660	0.042572
3661	0.042567
3662	0.042561
3663	0.042555
3664	0.042549
3665	0.042543
3666	0.042538
3667	0.042532
3668	0.042526
3669	0.042520
3670	0.042514
3671	0.042509
3672	0.042503
3673	0.042497
3674	0.042491
3675	0.042485
3676	0.042480
3677	0.042474
3678	0.042468
3679	0.042462
3680	0.042457
3681	0.042451
3682	0.042445
3683	0.042439
3684	0.042434
3685	0.042428
3686	0.042422
3687	0.042416
3688	0.042411
3689	0.042405
3690	0.042399
3691	0.042393
3692	0.042388
3693	0.042382
3694	0.042376
3695	0.042370
3696	0.042365
3697	0.042359
3698	0.042353
3699	0.042347
3700	0.042342
3701	0.042336
3702	0.042330
3703	0.042325
3704	0.042319
3705	0.042313
3706	0.042307
3707	0.042302
3708	0.042296
3709	0.042290
3710	0.042285
3711	0.042279
3712	0.042273
3713	0.042268
3714	0.042262
3715	0.042256
3716	0.042250
3717	0.042245
3718	0.042239
3719	0.042233
3720	0.042228
3721	0.042222
3722	0.042216
3723	0.042211
3724	0.042205
3725	0.042199
3726	0.042194
3727	0.042188
3728	0.042182
3729	0.042177
3730	0.042171
3731	0.042165
3732	0.042160
3733	0.042154
3734	0.042149
3735	0.042143
3736	0.042137
3737	0.042132
3738	0.042126
3739	0.042120
3740	0.042115
3741	0.042109
3742	0.042103
3743	0.042098
3744	0.042092
3745	0.042087
3746	0.042081
3747	0.042075
3748	0.042070
3749	0.042064
3750	0.042059
3751	0.042053
3752	0.042047
3753	0.042042
3754	0.042036
3755	0.042031
3756	0.042025
3757	0.042019
3758	0.042014
3759	0.042008
3760	0.042003
3761	0.041997
3762	0.041991
3763	0.041986
3764	0.041980
3765	0.041975
3766	0.041969
3767	0.041964
3768	0.041958
3769	0.041952
3770	0.041947
3771	0.041941
3772	0.041936
3773	0.041930
3774	0.041925
3775	0.041919
3776	0.041914
3777	0.041908
3778	0.041902
3779	0.041897
3780	0.041891
3781	0.041886
3782	0.041880
3783	0.041875
3784	0.041869
3785	0.041864
3786	0.041858
3787	0.041853
3788	0.041847
3789	0.041842
3790	0.041836
3791	0.041831
3792	0.041825
3793	0.041819
3794	0.041814
3795	0.041808
3796	0.041803
3797	0.041797
3798	0.041792
3799	0.041786
3800	0.041781
3801	0.041775
3802	0.041770
3803	0.041764
3804	0.041759
3805	0.041754
3806	0.041748
3807	0.041743
3808	0.041737
3809	0.041732
3810	0.041726
3811	0.041721
3812	0.041715
3813	0.041710
3814	0.041704
3815	0.041699
3816	0.041693
3817	0.041688
3818	0.041682
3819	0.041677
3820	0.041671
3821	0.041666
3822	0.041661
3823	0.041655
3824	0.041650
3825	0.041644
3826	0.041639
3827	0.041633
3828	0.041628
3829	0.041622
3830	0.041617
3831	0.041612
3832	0.041606
3833	0.041601
3834	0.041595
3835	0.041590
3836	0.041584
3837	0.041579
3838	0.041574
3839	0.041568
3840	0.041563
3841	0.041557
3842	0.041552
3843	0.041547
3844	0.041541
3845	0.041536
3846	0.041530
3847	0.041525
3848	0.041520
3849	0.041514
3850	0.041509
3851	0.041503
3852	0.041498
3853	0.041493
3854	0.041487
3855	0.041482
3856	0.041477
3857	0.041471
3858	0.041466
3859	0.041460
3860	0.041455
3861	0.041450
3862	0.041444
3863	0.041439
3864	0.041434
3865	0.041428
3866	0.041423
3867	0.041418
3868	0.041412
3869	0.041407
3870	0.041401
3871	0.041396
3872	0.041391
3873	0.041385
3874	0.041380
3875	0.041375
3876	0.041369
3877	0.041364
3878	0.041359
3879	0.041353
3880	0.041348
3881	0.041343
3882	0.041337
3883	0.041332
3884	0.041327
3885	0.041321
3886	0.041316
3887	0.041311
3888	0.041306
3889	0.041300
3890	0.041295
3891	0.041290
3892	0.041284
3893	0.041279
3894	0.041274
3895	0.041268
3896	0.041263
3897	0.041258
3898	0.041253
3899	0.041247
3900	0.041242
3901	0.041237
3902	0.041231
3903	0.041226
3904	0.041221
3905	0.041216
3906	0.041210
3907	0.041205
3908	0.041200
3909	0.041194
3910	0.041189
3911	0.041184
3912	0.041179
3913	0.041173
3914	0.041168
3915	0.041163
3916	0.041158
3917	0.041152
3918	0.041147
3919	0.041142
3920	0.041137
3921	0.041131
3922	0.041126
3923	0.041121
3924	0.041116
3925	0.041110
3926	0.041105
3927	0.041100
3928	0.041095
3929	0.041089
3930	0.041084
3931	0.041079
3932	0.041074
3933	0.041069
3934	0.041063
3935	0.041058
3936	0.041053
3937	0.041048
3938	0.041043
3939	0.041037
3940	0.041032
3941	0.041027
3942	0.041022
3943	0.041017
3944	0.041011
3945	0.041006
3946	0.041001
3947	0.040996
3948	0.040991
3949	0.040985
3950	0.040980
3951	0.040975
3952	0.040970
3953	0.040965
3954	0.040959
3955	0.040954
3956	0.040949
3957	0.040944
3958	0.040939
3959	0.040934
3960	0.040928
3961	0.040923
3962	0.040918
3963	0.040913
3964	0.040908
3965	0.040903
3966	0.040897
3967	0.040892
3968	0.040887
3969	0.040882
3970	0.040877
3971	0.040872
3972	0.040867
3973	0.040861
3974	0.040856
3975	0.040851
3976	0.040846
3977	0.040841
3978	0.040836
3979	0.040831
3980	0.040825
3981	0.040820
3982	0.040815
3983	0.040810
3984	0.040805
3985	0.040800
3986	0.040795
3987	0.040790
3988	0.040784
3989	0.040779
3990	0.040774
3991	0.040769
3992	0.040764
3993	0.040759
3994	0.040754
3995	0.040749
3996	0.040744
3997	0.040739
3998	0.040733
3999	0.040728
4000	0.040723
4001	0.040718
4002	0.040713
4003	0.040708
4004	0.040703
4005	0.040698
4006	0.040693
4007	0.040688
4008	0.040683
4009	0.040678
4010	0.040672
4011	0.040667
4012	0.040662
4013	0.040657
4014	0.040652
4015	0.040647
4016	0.040642
4017	0.040637
4018	0.040632
4019	0.040627
4020	0.040622
4021	0.040617
4022	0.040612
4023	0.040607
4024	0.040602
4025	0.040597
4026	0.040592
4027	0.040587
4028	0.040582
4029	0.040576
4030	0.040571
4031	0.040566
4032	0.040561
4033	0.040556
4034	0.040551
4035	0.040546
4036	0.040541
4037	0.040536
4038	0.040531
4039	0.040526
4040	0.040521
4041	0.040516
4042	0.040511
4043	0.040506
4044	0.040501
4045	0.040496
4046	0.040491
4047	0.040486
4048	0.040481
4049	0.040476
4050	0.040471
4051	0.040466
4052	0.040461
4053	0.040456
4054	0.040451
4055	0.040446
4056	0.040441
4057	0.040436
4058	0.040431
4059	0.040426
4060	0.040421
4061	0.040416
4062	0.040411
4063	0.040406
4064	0.040401
4065	0.040396
4066	0.040391
4067	0.040387
4068	0.040382
4069	0.040377
4070	0.040372
4071	0.040367
4072	0.040362
4073	0.040357
4074	0.040352
4075	0.040347
4076	0.040342
4077	0.040337
4078	0.040332
4079	0.040327
4080	0.040322
4081	0.040317
4082	0.040312
4083	0.040307
4084	0.040302
4085	0.040297
4086	0.040293
4087	0.040288
4088	0.040283
4089	0.040278
4090	0.040273
4091	0.040268
4092	0.040263
4093	0.040258
4094	0.040253
4095	0.040248
4096	0.040243
4097	0.040238
4098	0.040233
4099	0.040229
4100	0.040224
4101	0.040219
4102	0.040214
4103	0.040209
4104	0.040204
4105	0.040199
4106	0.040194
4107	0.040189
4108	0.040185
4109	0.040180
4110	0.040175
4111	0.040170
4112	0.040165
4113	0.040160
4114	0.040155
4115	0.040150
4116	0.040145
4117	0.040141
4118	0.040136
4119	0.040131
4120	0.040126
4121	0.040121
4122	0.040116
4123	0.040111
4124	0.040106
4125	0.040102
4126	0.040097
4127	0.040092
4128	0.040087
4129	0.040082
4130	0.040077
4131	0.040073
4132	0.040068
4133	0.040063
4134	0.040058
4135	0.040053
4136	0.040048
4137	0.040043
4138	0.040039
4139	0.040034
4140	0.040029
4141	0.040024
4142	0.040019
4143	0.040014
4144	0.040010
4145	0.040005
4146	0.040000
4147	0.039995
4148	0.039990
4149	0.039986
4150	0.039981
4151	0.039976
4152	0.039971
4153	0.039966
4154	0.039961
4155	0.039957
4156	0.039952
4157	0.039947
4158	0.039942
4159	0.039937
4160	0.039933
4161	0.039928
4162	0.039923
4163	0.039918
4164	0.039913
4165	0.039909
4166	0.039904
4167	0.039899
4168	0.039894
4169	0.039889
4170	0.039885
4171	0.039880
4172	0.039875
4173	0.039870
4174	0.039866
4175	0.039861
4176	0.039856
4177	0.039851
4178	0.039847
4179	0.039842
4180	0.039837
4181	0.039832
4182	0.039827
4183	0.039823
4184	0.039818
4185	0.039813
4186	0.039808
4187	0.039804
4188	0.039799
4189	0.039794
4190	0.039789
4191	0.039785
4192	0.039780
4193	0.039775
4194	0.039770
4195	0.039766
4196	0.039761
4197	0.039756
4198	0.039752
4199	0.039747
4200	0.039742
4201	0.039737
4202	0.039733
4203	0.039728
4204	0.039723
4205	0.039718
4206	0.039714
4207	0.039709
4208	0.039704
4209	0.039700
4210	0.039695
4211	0.039690
4212	0.039685
4213	0.039681
4214	0.039676
4215	0.039671
4216	0.039667
4217	0.039662
4218	0.039657
4219	0.039652
4220	0.039648
4221	0.039643
4222	0.039638
4223	0.039634
4224	0.039629
4225	0.039624
4226	0.039620
4227	0.039615
4228	0.039610
4229	0.039606
4230	0.039601
4231	0.039596
4232	0.039592
4233	0.039587
4234	0.039582
4235	0.039578
4236	0.039573
4237	0.039568
4238	0.039563
4239	0.039559
4240	0.039554
4241	0.039550
4242	0.039545
4243	0.039540
4244	0.039536
4245	0.039531
4246	0.039526
4247	0.039522
4248	0.039517
4249	0.039512
4250	0.039508
4251	0.039503
4252	0.039498
4253	0.039494
4254	0.039489
4255	0.039484
4256	0.039480
4257	0.039475
4258	0.039470
4259	0.039466
4260	0.039461
4261	0.039457
4262	0.039452
4263	0.039447
4264	0.039443
4265	0.039438
4266	0.039433
4267	0.039429
4268	0.039424
4269	0.039420
4270	0.039415
4271	0.039410
4272	0.039406
4273	0.039401
4274	0.039397
4275	0.039392
4276	0.039387
4277	0.039383
4278	0.039378
4279	0.039374
4280	0.039369
4281	0.039364
4282	0.039360
4283	0.039355
4284	0.039351
4285	0.039346
4286	0.039341
4287	0.039337
4288	0.039332
4289	0.039328
4290	0.039323
4291	0.039318
4292	0.039314
4293	0.039309
4294	0.039305
4295	0.039300
4296	0.039296
4297	0.039291
4298	0.039286
4299	0.039282
4300	0.039277
4301	0.039273
4302	0.039268
4303	0.039264
4304	0.039259
4305	0.039254
4306	0.039250
4307	0.039245
4308	0.039241
4309	0.039236
4310	0.039232
4311	0.039227
4312	0.039223
4313	0.039218
4314	0.039214
4315	0.039209
4316	0.039204
4317	0.039200
4318	0.039195
4319	0.039191
4320	0.039186
4321	0.039182
4322	0.039177
4323	0.039173
4324	0.039168
4325	0.039164
4326	0.039159
4327	0.039155
4328	0.039150
4329	0.039146
4330	0.039141
4331	0.039136
4332	0.039132
4333	0.039127
4334	0.039123
4335	0.039118
4336	0.039114
4337	0.039109
4338	0.039105
4339	0.039100
4340	0.039096
4341	0.039091
4342	0.039087
4343	0.039082
4344	0.039078
4345	0.039073
4346	0.039069
4347	0.039064
4348	0.039060
4349	0.039055
4350	0.039051
4351	0.039046
4352	0.039042
4353	0.039037
4354	0.039033
4355	0.039029
4356	0.039024
4357	0.039020
4358	0.039015
4359	0.039011
4360	0.039006
4361	0.039002
4362	0.038997
4363	0.038993
4364	0.038988
4365	0.038984
4366	0.038979
4367	0.038975
4368	0.038970
4369	0.038966
4370	0.038962
4371	0.038957
4372	0.038953
4373	0.038948
4374	0.038944
4375	0.038939
4376	0.038935
4377	0.038930
4378	0.038926
4379	0.038921
4380	0.038917
4381	0.038913
4382	0.038908
4383	0.038904
4384	0.038899
4385	0.038895
4386	0.038890
4387	0.038886
4388	0.038882
4389	0.038877
4390	0.038873
4391	0.038868
4392	0.038864
4393	0.038859
4394	0.038855
4395	0.038851
4396	0.038846
4397	0.038842
4398	0.038837
4399	0.038833
4400	0.038828
4401	0.038824
4402	0.038820
4403	0.038815
4404	0.038811
4405	0.038806
4406	0.038802
4407	0.038798
4408	0.038793
4409	0.038789
4410	0.038784
4411	0.038780
4412	0.038776
4413	0.038771
4414	0.038767
4415	0.038762
4416	0.038758
4417	0.038754
4418	0.038749
4419	0.038745
4420	0.038741
4421	0.038736
4422	0.038732
4423	0.038727
4424	0.038723
4425	0.038719
4426	0.038714
4427	0.038710
4428	0.038706
4429	0.038701
4430	0.038697
4431	0.038692
4432	0.038688
4433	0.038684
4434	0.038679
4435	0.038675
4436	0.038671
4437	0.038666
4438	0.038662
4439	0.038658
4440	0.038653
4441	0.038649
4442	0.038645
4443	0.038640
4444	0.038636
4445	0.038631
4446	0.038627
4447	0.038623
4448	0.038618
4449	0.038614
4450	0.038610
4451	0.038605
4452	0.038601
4453	0.038597
4454	0.038592
4455	0.038588
4456	0.038584
4457	0.038579
4458	0.038575
4459	0.038571
4460	0.038566
4461	0.038562
4462	0.038558
4463	0.038554
4464	0.038549
4465	0.038545
4466	0.038541
4467	0.038536
4468	0.038532
4469	0.038528
4470	0.038523
4471	0.038519
4472	0.038515
4473	0.038510
4474	0.038506
4475	0.038502
4476	0.038497
4477	0.038493
4478	0.038489
4479	0.038485
4480	0.038480
4481	0.038476
4482	0.038472
4483	0.038467
4484	0.038463
4485	0.038459
4486	0.038455
4487	0.038450
4488	0.038446
4489	0.038442
4490	0.038437
4491	0.038433
4492	0.038429
4493	0.038425
4494	0.038420
4495	0.038416
4496	0.038412
4497	0.038408
4498	0.038403
4499	0.038399
4500	0.038395
4501	0.038390
4502	0.038386
4503	0.038382
4504	0.038378
4505	0.038373
4506	0.038369
4507	0.038365
4508	0.038361
4509	0.038356
4510	0.038352
4511	0.038348
4512	0.038344
4513	0.038339
4514	0.038335
4515	0.038331
4516	0.038327
4517	0.038322
4518	0.038318
4519	0.038314
4520	0.038310
4521	0.038305
4522	0.038301
4523	0.038297
4524	0.038293
4525	0.038289
4526	0.038284
4527	0.038280
4528	0.038276
4529	0.038272
4530	0.038267
4531	0.038263
4532	0.038259
4533	0.038255
4534	0.038251
4535	0.038246
4536	0.038242
4537	0.038238
4538	0.038234
4539	0.038229
4540	0.038225
4541	0.038221
4542	0.038217
4543	0.038213
4544	0.038208
4545	0.038204
4546	0.038200
4547	0.038196
4548	0.038192
4549	0.038187
4550	0.038183
4551	0.038179
4552	0.038175
4553	0.038171
4554	0.038166
4555	0.038162
4556	0.038158
4557	0.038154
4558	0.038150
4559	0.038145
4560	0.038141
4561	0.038137
4562	0.038133
4563	0.038129
4564	0.038125
4565	0.038120
4566	0.038116
4567	0.038112
4568	0.038108
4569	0.038104
4570	0.038100
4571	0.038095
4572	0.038091
4573	0.038087
4574	0.038083
4575	0.038079
4576	0.038075
4577	0.038070
4578	0.038066
4579	0.038062
4580	0.038058
4581	0.038054
4582	0.038050
4583	0.038046
4584	0.038041
4585	0.038037
4586	0.038033
4587	0.038029
4588	0.038025
4589	0.038021
4590	0.038016
4591	0.038012
4592	0.038008
4593	0.038004
4594	0.038000
4595	0.037996
4596	0.037992
4597	0.037988
4598	0.037983
4599	0.037979
4600	0.037975
4601	0.037971
4602	0.037967
4603	0.037963
4604	0.037959
4605	0.037955
4606	0.037950
4607	0.037946
4608	0.037942
4609	0.037938
4610	0.037934
4611	0.037930
4612	0.037926
4613	0.037922
4614	0.037918
4615	0.037913
4616	0.037909
4617	0.037905
4618	0.037901
4619	0.037897
4620	0.037893
4621	0.037889
4622	0.037885
4623	0.037881
4624	0.037876
4625	0.037872
4626	0.037868
4627	0.037864
4628	0.037860
4629	0.037856
4630	0.037852
4631	0.037848
4632	0.037844
4633	0.037840
4634	0.037836
4635	0.037832
4636	0.037827
4637	0.037823
4638	0.037819
4639	0.037815
4640	0.037811
4641	0.037807
4642	0.037803
4643	0.037799
4644	0.037795
4645	0.037791
4646	0.037787
4647	0.037783
4648	0.037779
4649	0.037775
4650	0.037770
4651	0.037766
4652	0.037762
4653	0.037758
4654	0.037754
4655	0.037750
4656	0.037746
4657	0.037742
4658	0.037738
4659	0.037734
4660	0.037730
4661	0.037726
4662	0.037722
4663	0.037718
4664	0.037714
4665	0.037710
4666	0.037706
4667	0.037702
4668	0.037698
4669	0.037694
4670	0.037690
4671	0.037685
4672	0.037681
4673	0.037677
4674	0.037673
4675	0.037669
4676	0.037665
4677	0.037661
4678	0.037657
4679	0.037653
4680	0.037649
4681	0.037645
4682	0.037641
4683	0.037637
4684	0.037633
4685	0.037629
4686	0.037625
4687	0.037621
4688	0.037617
4689	0.037613
4690	0.037609
4691	0.037605
4692	0.037601
4693	0.037597
4694	0.037593
4695	0.037589
4696	0.037585
4697	0.037581
4698	0.037577
4699	0.037573
4700	0.037569
4701	0.037565
4702	0.037561
4703	0.037557
4704	0.037553
4705	0.037549
4706	0.037545
4707	0.037541
4708	0.037537
4709	0.037533
4710	0.037529
4711	0.037525
4712	0.037521
4713	0.037517
4714	0.037513
4715	0.037509
4716	0.037505
4717	0.037501
4718	0.037497
4719	0.037493
4720	0.037489
4721	0.037485
4722	0.037481
4723	0.037477
4724	0.037474
4725	0.037470
4726	0.037466
4727	0.037462
4728	0.037458
4729	0.037454
4730	0.037450
4731	0.037446
4732	0.037442
4733	0.037438
4734	0.037434
4735	0.037430
4736	0.037426
4737	0.037422
4738	0.037418
4739	0.037414
4740	0.037410
4741	0.037406
4742	0.037402
4743	0.037398
4744	0.037394
4745	0.037391
4746	0.037387
4747	0.037383
4748	0.037379
4749	0.037375
4750	0.037371
4751	0.037367
4752	0.037363
4753	0.037359
4754	0.037355
4755	0.037351
4756	0.037347
4757	0.037343
4758	0.037339
4759	0.037335
4760	0.037332
4761	0.037328
4762	0.037324
4763	0.037320
4764	0.037316
4765	0.037312
4766	0.037308
4767	0.037304
4768	0.037300
4769	0.037296
4770	0.037292
4771	0.037289
4772	0.037285
4773	0.037281
4774	0.037277
4775	0.037273
4776	0.037269
4777	0.037265
4778	0.037261
4779	0.037257
4780	0.037253
4781	0.037250
4782	0.037246
4783	0.037242
4784	0.037238
4785	0.037234
4786	0.037230
4787	0.037226
4788	0.037222
4789	0.037218
4790	0.037215
4791	0.037211
4792	0.037207
4793	0.037203
4794	0.037199
4795	0.037195
4796	0.037191
4797	0.037187
4798	0.037183
4799	0.037180
4800	0.037176
4801	0.037172
4802	0.037168
4803	0.037164
4804	0.037160
4805	0.037156
4806	0.037153
4807	0.037149
4808	0.037145
4809	0.037141
4810	0.037137
4811	0.037133
4812	0.037129
4813	0.037125
4814	0.037122
4815	0.037118
4816	0.037114
4817	0.037110
4818	0.037106
4819	0.037102
4820	0.037099
4821	0.037095
4822	0.037091
4823	0.037087
4824	0.037083
4825	0.037079
4826	0.037075
4827	0.037072
4828	0.037068
4829	0.037064
4830	0.037060
4831	0.037056
4832	0.037052
4833	0.037049
4834	0.037045
4835	0.037041
4836	0.037037
4837	0.037033
4838	0.037029
4839	0.037026
4840	0.037022
4841	0.037018
4842	0.037014
4843	0.037010
4844	0.037007
4845	0.037003
4846	0.036999
4847	0.036995
4848	0.036991
4849	0.036987
4850	0.036984
4851	0.036980
4852	0.036976
4853	0.036972
4854	0.036968
4855	0.036965
4856	0.036961
4857	0.036957
4858	0.036953
4859	0.036949
4860	0.036946
4861	0.036942
4862	0.036938
4863	0.036934
4864	0.036930
4865	0.036927
4866	0.036923
4867	0.036919
4868	0.036915
4869	0.036911
4870	0.036908
4871	0.036904
4872	0.036900
4873	0.036896
4874	0.036892
4875	0.036889
4876	0.036885
4877	0.036881
4878	0.036877
4879	0.036874
4880	0.036870
4881	0.036866
4882	0.036862
4883	0.036858
4884	0.036855
4885	0.036851
4886	0.036847
4887	0.036843
4888	0.036840
4889	0.036836
4890	0.036832
4891	0.036828
4892	0.036825
4893	0.036821
4894	0.036817
4895	0.036813
4896	0.036810
4897	0.036806
4898	0.036802
4899	0.036798
4900	0.036794
4901	0.036791
4902	0.036787
4903	0.036783
4904	0.036779
4905	0.036776
4906	0.036772
4907	0.036768
4908	0.036764
4909	0.036761
4910	0.036757
4911	0.036753
4912	0.036750
4913	0.036746
4914	0.036742
4915	0.036738
4916	0.036735
4917	0.036731
4918	0.036727
4919	0.036723
4920	0.036720
4921	0.036716
4922	0.036712
4923	0.036708
4924	0.036705
4925	0.036701
4926	0.036697
4927	0.036694
4928	0.036690
4929	0.036686
4930	0.036682
4931	0.036679
4932	0.036675
4933	0.036671
4934	0.036668
4935	0.036664
4936	0.036660
4937	0.036656
4938	0.036653
4939	0.036649
4940	0.036645
4941	0.036642
4942	0.036638
4943	0.036634
4944	0.036630
4945	0.036627
4946	0.036623
4947	0.036619
4948	0.036616
4949	0.036612
4950	0.036608
4951	0.036605
4952	0.036601
4953	0.036597
4954	0.036593
4955	0.036590
4956	0.036586
4957	0.036582
4958	0.036579
4959	0.036575
4960	0.036571
4961	0.036568
4962	0.036564
4963	0.036560
4964	0.036557
4965	0.036553
4966	0.036549
4967	0.036546
4968	0.036542
4969	0.036538
4970	0.036534
4971	0.036531
4972	0.036527
4973	0.036523
4974	0.036520
4975	0.036516
4976	0.036512
4977	0.036509
4978	0.036505
4979	0.036501
4980	0.036498
4981	0.036494
4982	0.036490
4983	0.036487
4984	0.036483
4985	0.036479
4986	0.036476
4987	0.036472
4988	0.036469
4989	0.036465
4990	0.036461
4991	0.036458
4992	0.036454
4993	0.036450
4994	0.036447
4995	0.036443
4996	0.036439
4997	0.036436
4998	0.036432
4999	0.036428
5000	0.036425
5001	0.036421
5002	0.036417
5003	0.036414
5004	0.036410
5005	0.036407
5006	0.036403
5007	0.036399
5008	0.036396
5009	0.036392
5010	0.036388
5011	0.036385
5012	0.036381
5013	0.036377
5014	0.036374
5015	0.036370
5016	0.036367
5017	0.036363
5018	0.036359
5019	0.036356
5020	0.036352
5021	0.036349
5022	0.036345
5023	0.036341
5024	0.036338
5025	0.036334
5026	0.036330
5027	0.036327
5028	0.036323
5029	0.036320
5030	0.036316
5031	0.036312
5032	0.036309
5033	0.036305
5034	0.036302
5035	0.036298
5036	0.036294
5037	0.036291
5038	0.036287
5039	0.036284
5040	0.036280
5041	0.036276
5042	0.036273
5043	0.036269
5044	0.036266
5045	0.036262
5046	0.036258
5047	0.036255
5048	0.036251
5049	0.036248
5050	0.036244
5051	0.036240
5052	0.036237
5053	0.036233
5054	0.036230
5055	0.036226
5056	0.036222
5057	0.036219
5058	0.036215
5059	0.036212
5060	0.036208
5061	0.036205
5062	0.036201
5063	0.036197
5064	0.036194
5065	0.036190
5066	0.036187
5067	0.036183
5068	0.036180
5069	0.036176
5070	0.036172
5071	0.036169
5072	0.036165
5073	0.036162
5074	0.036158
5075	0.036155
5076	0.036151
5077	0.036148
5078	0.036144
5079	0.036140
5080	0.036137
5081	0.036133
5082	0.036130
5083	0.036126
5084	0.036123
5085	0.036119
5086	0.036116
5087	0.036112
5088	0.036108
5089	0.036105
5090	0.036101
5091	0.036098
5092	0.036094
5093	0.036091
5094	0.036087
5095	0.036084
5096	0.036080
5097	0.036077
5098	0.036073
5099	0.036069
5100	0.036066
5101	0.036062
5102	0.036059
5103	0.036055
5104	0.036052
5105	0.036048
5106	0.036045
5107	0.036041
5108	0.036038
5109	0.036034
5110	0.036031
5111	0.036027
5112	0.036024
5113	0.036020
5114	0.036017
5115	0.036013
5116	0.036009
5117	0.036006
5118	0.036002
5119	0.035999
5120	0.035995
5121	0.035992
5122	0.035988
5123	0.035985
5124	0.035981
5125	0.035978
5126	0.035974
5127	0.035971
5128	0.035967
5129	0.035964
5130	0.035960
5131	0.035957
5132	0.035953
5133	0.035950
5134	0.035946
5135	0.035943
5136	0.035939
5137	0.035936
5138	0.035932
5139	0.035929
5140	0.035925
5141	0.035922
5142	0.035918
5143	0.035915
5144	0.035911
5145	0.035908
5146	0.035904
5147	0.035901
5148	0.035897
5149	0.035894
5150	0.035890
5151	0.035887
5152	0.035883
5153	0.035880
5154	0.035877
5155	0.035873
5156	0.035870
5157	0.035866
5158	0.035863
5159	0.035859
5160	0.035856
5161	0.035852
5162	0.035849
5163	0.035845
5164	0.035842
5165	0.035838
5166	0.035835
5167	0.035831
5168	0.035828
5169	0.035824
5170	0.035821
5171	0.035818
5172	0.035814
5173	0.035811
5174	0.035807
5175	0.035804
5176	0.035800
5177	0.035797
5178	0.035793
5179	0.035790
5180	0.035786
5181	0.035783
5182	0.035779
5183	0.035776
5184	0.035773
5185	0.035769
5186	0.035766
5187	0.035762
5188	0.035759
5189	0.035755
5190	0.035752
5191	0.035748
5192	0.035745
5193	0.035742
5194	0.035738
5195	0.035735
5196	0.035731
5197	0.035728
5198	0.035724
5199	0.035721
5200	0.035718
5201	0.035714
5202	0.035711
5203	0.035707
5204	0.035704
5205	0.035700
5206	0.035697
5207	0.035694
5208	0.035690
5209	0.035687
5210	0.035683
5211	0.035680
5212	0.035676
5213	0.035673
5214	0.035670
5215	0.035666
5216	0.035663
5217	0.035659
5218	0.035656
5219	0.035652
5220	0.035649
5221	0.035646
5222	0.035642
5223	0.035639
5224	0.035635
5225	0.035632
5226	0.035629
5227	0.035625
5228	0.035622
5229	0.035618
5230	0.035615
5231	0.035612
5232	0.035608
5233	0.035605
5234	0.035601
5235	0.035598
5236	0.035595
5237	0.035591
5238	0.035588
5239	0.035584
5240	0.035581
5241	0.035578
5242	0.035574
5243	0.035571
5244	0.035567
5245	0.035564
5246	0.035561
5247	0.035557
5248	0.035554
5249	0.035550
5250	0.035547
5251	0.035544
5252	0.035540
5253	0.035537
5254	0.035534
5255	0.035530
5256	0.035527
5257	0.035523
5258	0.035520
5259	0.035517
5260	0.035513
5261	0.035510
5262	0.035507
5263	0.035503
5264	0.035500
5265	0.035496
5266	0.035493
5267	0.035490
5268	0.035486
5269	0.035483
5270	0.035480
5271	0.035476
5272	0.035473
5273	0.035469
5274	0.035466
5275	0.035463
5276	0.035459
5277	0.035456
5278	0.035453
5279	0.035449
5280	0.035446
5281	0.035443
5282	0.035439
5283	0.035436
5284	0.035433
5285	0.035429
5286	0.035426
5287	0.035422
5288	0.035419
5289	0.035416
5290	0.035412
5291	0.035409
5292	0.035406
5293	0.035402
5294	0.035399
5295	0.035396
5296	0.035392
5297	0.035389
5298	0.035386
5299	0.035382
5300	0.035379
5301	0.035376
5302	0.035372
5303	0.035369
5304	0.035366
5305	0.035362
5306	0.035359
5307	0.035356
5308	0.035352
5309	0.035349
5310	0.035346
5311	0.035342
5312	0.035339
5313	0.035336
5314	0.035332
5315	0.035329
5316	0.035326
5317	0.035322
5318	0.035319
5319	0.035316
5320	0.035312
5321	0.035309
5322	0.035306
5323	0.035303
5324	0.035299
5325	0.035296
5326	0.035293
5327	0.035289
5328	0.035286
5329	0.035283
5330	0.035279
5331	0.035276
5332	0.035273
5333	0.035269
5334	0.035266
5335	0.035263
5336	0.035259
5337	0.035256
5338	0.035253
5339	0.035250
5340	0.035246
5341	0.035243
5342	0.035240
5343	0.035236
5344	0.035233
5345	0.035230
5346	0.035226
5347	0.035223
5348	0.035220
5349	0.035217
5350	0.035213
5351	0.035210
5352	0.035207
5353	0.035203
5354	0.035200
5355	0.035197
5356	0.035194
5357	0.035190
5358	0.035187
5359	0.035184
5360	0.035180
5361	0.035177
5362	0.035174
5363	0.035171
5364	0.035167
5365	0.035164
5366	0.035161
5367	0.035158
5368	0.035154
5369	0.035151
5370	0.035148
5371	0.035144
5372	0.035141
5373	0.035138
5374	0.035135
5375	0.035131
5376	0.035128
5377	0.035125
5378	0.035122
5379	0.035118
5380	0.035115
5381	0.035112
5382	0.035108
5383	0.035105
5384	0.035102
5385	0.035099
5386	0.035095
5387	0.035092
5388	0.035089
5389	0.035086
5390	0.035082
5391	0.035079
5392	0.035076
5393	0.035073
5394	0.035069
5395	0.035066
5396	0.035063
5397	0.035060
5398	0.035056
5399	0.035053
5400	0.035050
5401	0.035047
5402	0.035043
5403	0.035040
5404	0.035037
5405	0.035034
5406	0.035030
5407	0.035027
5408	0.035024
5409	0.035021
5410	0.035018
5411	0.035014
5412	0.035011
5413	0.035008
5414	0.035005
5415	0.035001
5416	0.034998
5417	0.034995
5418	0.034992
5419	0.034988
5420	0.034985
5421	0.034982
5422	0.034979
5423	0.034976
5424	0.034972
5425	0.034969
5426	0.034966
5427	0.034963
5428	0.034959
5429	0.034956
5430	0.034953
5431	0.034950
5432	0.034947
5433	0.034943
5434	0.034940
5435	0.034937
5436	0.034934
5437	0.034930
5438	0.034927
5439	0.034924
5440	0.034921
5441	0.034918
5442	0.034914
5443	0.034911
5444	0.034908
5445	0.034905
5446	0.034902
5447	0.034898
5448	0.034895
5449	0.034892
5450	0.034889
5451	0.034886
5452	0.034882
5453	0.034879
5454	0.034876
5455	0.034873
5456	0.034870
5457	0.034866
5458	0.034863
5459	0.034860
5460	0.034857
5461	0.034854
5462	0.034850
5463	0.034847
5464	0.034844
5465	0.034841
5466	0.034838
5467	0.034835
5468	0.034831
5469	0.034828
5470	0.034825
5471	0.034822
5472	0.034819
5473	0.034815
5474	0.034812
5475	0.034809
5476	0.034806
5477	0.034803
5478	0.034800
5479	0.034796
5480	0.034793
5481	0.034790
5482	0.034787
5483	0.034784
5484	0.034781
5485	0.034777
5486	0.034774
5487	0.034771
5488	0.034768
5489	0.034765
5490	0.034762
5491	0.034758
5492	0.034755
5493	0.034752
5494	0.034749
5495	0.034746
5496	0.034743
5497	0.034739
5498	0.034736
5499	0.034733
5500	0.034730
5501	0.034727
5502	0.034724
5503	0.034720
5504	0.034717
5505	0.034714
5506	0.034711
5507	0.034708
5508	0.034705
5509	0.034702
5510	0.034698
5511	0.034695
5512	0.034692
5513	0.034689
5514	0.034686
5515	0.034683
5516	0.034679
5517	0.034676
5518	0.034673
5519	0.034670
5520	0.034667
5521	0.034664
5522	0.034661
5523	0.034658
5524	0.034654
5525	0.034651
5526	0.034648
5527	0.034645
5528	0.034642
5529	0.034639
5530	0.034636
5531	0.034632
5532	0.034629
5533	0.034626
5534	0.034623
5535	0.034620
5536	0.034617
5537	0.034614
5538	0.034611
5539	0.034607
5540	0.034604
5541	0.034601
5542	0.034598
5543	0.034595
5544	0.034592
5545	0.034589
5546	0.034586
5547	0.034582
5548	0.034579
5549	0.034576
5550	0.034573
5551	0.034570
5552	0.034567
5553	0.034564
5554	0.034561
5555	0.034558
5556	0.034554
5557	0.034551
5558	0.034548
5559	0.034545
5560	0.034542
5561	0.034539
5562	0.034536
5563	0.034533
5564	0.034530
5565	0.034527
5566	0.034523
5567	0.034520
5568	0.034517
5569	0.034514
5570	0.034511
5571	0.034508
5572	0.034505
5573	0.034502
5574	0.034499
5575	0.034496
5576	0.034492
5577	0.034489
5578	0.034486
5579	0.034483
5580	0.034480
5581	0.034477
5582	0.034474
5583	0.034471
5584	0.034468
5585	0.034465
5586	0.034462
5587	0.034458
5588	0.034455
5589	0.034452
5590	0.034449
5591	0.034446
5592	0.034443
5593	0.034440
5594	0.034437
5595	0.034434
5596	0.034431
5597	0.034428
5598	0.034425
5599	0.034422
5600	0.034418
5601	0.034415
5602	0.034412
5603	0.034409
5604	0.034406
5605	0.034403
5606	0.034400
5607	0.034397
5608	0.034394
5609	0.034391
5610	0.034388
5611	0.034385
5612	0.034382
5613	0.034379
5614	0.034376
5615	0.034372
5616	0.034369
5617	0.034366
5618	0.034363
5619	0.034360
5620	0.034357
5621	0.034354
5622	0.034351
5623	0.034348
5624	0.034345
5625	0.034342
5626	0.034339
5627	0.034336
5628	0.034333
5629	0.034330
5630	0.034327
5631	0.034324
5632	0.034321
5633	0.034318
5634	0.034314
5635	0.034311
5636	0.034308
5637	0.034305
5638	0.034302
5639	0.034299
5640	0.034296
5641	0.034293
5642	0.034290
5643	0.034287
5644	0.034284
5645	0.034281
5646	0.034278
5647	0.034275
5648	0.034272
5649	0.034269
5650	0.034266
5651	0.034263
5652	0.034260
5653	0.034257
5654	0.034254
5655	0.034251
5656	0.034248
5657	0.034245
5658	0.034242
5659	0.034239
5660	0.034236
5661	0.034233
5662	0.034230
5663	0.034226
5664	0.034223
5665	0.034220
5666	0.034217
5667	0.034214
5668	0.034211
5669	0.034208
5670	0.034205
5671	0.034202
5672	0.034199
5673	0.034196
5674	0.034193
5675	0.034190
5676	0.034187
5677	0.034184
5678	0.034181
5679	0.034178
5680	0.034175
5681	0.034172
5682	0.034169
5683	0.034166
5684	0.034163
5685	0.034160
5686	0.034157
5687	0.034154
5688	0.034151
5689	0.034148
5690	0.034145
5691	0.034142
5692	0.034139
5693	0.034136
5694	0.034133
5695	0.034130
5696	0.034127
5697	0.034124
5698	0.034121
5699	0.034118
5700	0.034115
5701	0.034112
5702	0.034109
5703	0.034106
5704	0.034103
5705	0.034100
5706	0.034097
5707	0.034094
5708	0.034091
5709	0.034088
5710	0.034085
5711	0.034082
5712	0.034079
5713	0.034076
5714	0.034073
5715	0.034070
5716	0.034067
5717	0.034064
5718	0.034062
5719	0.034059
5720	0.034056
5721	0.034053
5722	0.034050
5723	0.034047
5724	0.034044
5725	0.034041
5726	0.034038
5727	0.034035
5728	0.034032
5729	0.034029
5730	0.034026
5731	0.034023
5732	0.034020
5733	0.034017
5734	0.034014
5735	0.034011
5736	0.034008
5737	0.034005
5738	0.034002
5739	0.033999
5740	0.033996
5741	0.033993
5742	0.033990
5743	0.033987
5744	0.033984
5745	0.033981
5746	0.033978
5747	0.033975
5748	0.033973
5749	0.033970
5750	0.033967
5751	0.033964
5752	0.033961
5753	0.033958
5754	0.033955
5755	0.033952
5756	0.033949
5757	0.033946
5758	0.033943
5759	0.033940
5760	0.033937
5761	0.033934
5762	0.033931
5763	0.033928
5764	0.033925
5765	0.033922
5766	0.033919
5767	0.033917
5768	0.033914
5769	0.033911
5770	0.033908
5771	0.033905
5772	0.033902
5773	0.033899
5774	0.033896
5775	0.033893
5776	0.033890
5777	0.033887
5778	0.033884
5779	0.033881
5780	0.033878
5781	0.033875
5782	0.033873
5783	0.033870
5784	0.033867
5785	0.033864
5786	0.033861
5787	0.033858
5788	0.033855
5789	0.033852
5790	0.033849
5791	0.033846
5792	0.033843
5793	0.033840
5794	0.033837
5795	0.033834
5796	0.033832
5797	0.033829
5798	0.033826
5799	0.033823
5800	0.033820
5801	0.033817
5802	0.033814
5803	0.033811
5804	0.033808
5805	0.033805
5806	0.033802
5807	0.033800
5808	0.033797
5809	0.033794
5810	0.033791
5811	0.033788
5812	0.033785
5813	0.033782
5814	0.033779
5815	0.033776
5816	0.033773
5817	0.033770
5818	0.033768
5819	0.033765
5820	0.033762
5821	0.033759
5822	0.033756
5823	0.033753
5824	0.033750
5825	0.033747
5826	0.033744
5827	0.033741
5828	0.033739
5829	0.033736
5830	0.033733
5831	0.033730
5832	0.033727
5833	0.033724
5834	0.033721
5835	0.033718
5836	0.033715
5837	0.033713
5838	0.033710
5839	0.033707
5840	0.033704
5841	0.033701
5842	0.033698
5843	0.033695
5844	0.033692
5845	0.033689
5846	0.033687
5847	0.033684
5848	0.033681
5849	0.033678
5850	0.033675
5851	0.033672
5852	0.033669
5853	0.033666
5854	0.033664
5855	0.033661
5856	0.033658
5857	0.033655
5858	0.033652
5859	0.033649
5860	0.033646
5861	0.033643
5862	0.033641
5863	0.033638
5864	0.033635
5865	0.033632
5866	0.033629
5867	0.033626
5868	0.033623
5869	0.033621
5870	0.033618
5871	0.033615
5872	0.033612
5873	0.033609
5874	0.033606
5875	0.033603
5876	0.033601
5877	0.033598
5878	0.033595
5879	0.033592
5880	0.033589
5881	0.033586
5882	0.033583
5883	0.033581
5884	0.033578
5885	0.033575
5886	0.033572
5887	0.033569
5888	0.033566
5889	0.033563
5890	0.033561
5891	0.033558
5892	0.033555
5893	0.033552
5894	0.033549
5895	0.033546
5896	0.033543
5897	0.033541
5898	0.033538
5899	0.033535
5900	0.033532
5901	0.033529
5902	0.033526
5903	0.033524
5904	0.033521
5905	0.033518
5906	0.033515
5907	0.033512
5908	0.033509
5909	0.033507
5910	0.033504
5911	0.033501
5912	0.033498
5913	0.033495
5914	0.033492
5915	0.033490
5916	0.033487
5917	0.033484
5918	0.033481
5919	0.033478
5920	0.033475
5921	0.033473
5922	0.033470
5923	0.033467
5924	0.033464
5925	0.033461
5926	0.033458
5927	0.033456
5928	0.033453
5929	0.033450
5930	0.033447
5931	0.033444
5932	0.033442
5933	0.033439
5934	0.033436
5935	0.033433
5936	0.033430
5937	0.033427
5938	0.033425
5939	0.033422
5940	0.033419
5941	0.033416
5942	0.033413
5943	0.033411
5944	0.033408
5945	0.033405
5946	0.033402
5947	0.033399
5948	0.033397
5949	0.033394
5950	0.033391
5951	0.033388
5952	0.033385
5953	0.033383
5954	0.033380
5955	0.033377
5956	0.033374
5957	0.033371
5958	0.033369
5959	0.033366
5960	0.033363
5961	0.033360
5962	0.033357
5963	0.033355
5964	0.033352
5965	0.033349
5966	0.033346
5967	0.033343
5968	0.033341
5969	0.033338
5970	0.033335
5971	0.033332
5972	0.033329
5973	0.033327
5974	0.033324
5975	0.033321
5976	0.033318
5977	0.033315
5978	0.033313
5979	0.033310
5980	0.033307
5981	0.033304
5982	0.033302
5983	0.033299
5984	0.033296
5985	0.033293
5986	0.033290
5987	0.033288
5988	0.033285
5989	0.033282
5990	0.033279
5991	0.033277
5992	0.033274
5993	0.033271
5994	0.033268
5995	0.033265
5996	0.033263
5997	0.033260
5998	0.033257
5999	0.033254
6000	0.033252
